<?xml version="1.0" encoding="utf-8"?>
<COLLADA xmlns="http://www.collada.org/2005/11/COLLADASchema" version="1.4.1">
  <asset>
    <contributor>
      <author>Mixamo</author>
      <authoring_tool>COLLADA Mixamo exporter</authoring_tool>
      <comments/>
    </contributor>
    <created>2026-01-24T17:20:57Z</created>
    <modified>2026-01-24T17:20:57Z</modified>
    <revision/>
    <title/>
    <unit meter="0.010000"/>
    <up_axis>Y_UP</up_axis>
  </asset>
  <library_animations>
    <animation id="mixamorig9_Hips-anim" name="mixamorig9_Hips">
      <source id="mixamorig9_Hips-Matrix-animation-input">
        <float_array id="mixamorig9_Hips-Matrix-animation-input-array" count="32">

0.000000 0.033333 0.066667 0.100000 0.133333 0.166667 0.200000 0.233333 0.266667 0.300000 0.333333 0.366667 0.400000 0.433333 0.466667 0.500000
0.533333 0.566667 0.600000 0.633333 0.666667 0.700000 0.733333 0.766667 0.800000 0.833333 0.866667 0.900000 0.933333 0.966667 1.000000 1.033333</float_array>
        <technique_common>
          <accessor source="#mixamorig9_Hips-Matrix-animation-input-array" count="32">
            <param name="TIME" type="float"/>
          </accessor>
        </technique_common>
      </source>
      <source id="mixamorig9_Hips-Matrix-animation-output-transform">
        <float_array id="mixamorig9_Hips-Matrix-animation-output-transform-array" count="512">

0.404966 0.129670 0.905090 0.264148 -0.027409 0.991169 -0.129739 93.907906 -0.913921 0.027732 0.404944 0.024376 0.000000 0.000000 0.000000 1.000000
0.405015 0.123407 0.905944 4.655008 -0.005884 0.991181 -0.132388 94.476860 -0.914291 0.048288 0.402169 0.486172 0.000000 0.000000 0.000000 1.000000
0.410200 0.126446 0.903187 9.155853 -0.003932 0.990578 -0.136895 94.496666 -0.911987 0.052603 0.406832 0.805552 0.000000 0.000000 0.000000 1.000000
0.420121 0.137059 0.897058 13.963031 -0.020982 0.989731 -0.141392 93.941139 -0.907225 0.040580 0.418683 0.989140 0.000000 0.000000 0.000000 1.000000
0.439081 0.152208 0.885460 19.247458 -0.053979 0.988234 -0.143107 92.755867 -0.896824 0.015039 0.442131 1.039127 0.000000 0.000000 0.000000 1.000000
0.464758 0.160630 0.870745 24.829750 -0.085269 0.986956 -0.136556 91.157669 -0.881322 -0.010782 0.472393 1.082290 0.000000 0.000000 0.000000 1.000000
0.481307 0.160536 0.861726 30.022942 -0.095791 0.986831 -0.130340 89.620567 -0.871302 -0.019812 0.490347 1.171643 0.000000 0.000000 0.000000 1.000000
0.485925 0.149707 0.861083 35.070755 -0.080542 0.988699 -0.126443 88.089584 -0.870281 -0.007911 0.492492 1.207744 0.000000 0.000000 0.000000 1.000000
0.486786 0.123968 0.864680 40.808777 -0.049736 0.992206 -0.114251 87.198471 -0.872104 0.012611 0.489158 1.036931 0.000000 0.000000 0.000000 1.000000
0.484239 0.107734 0.868278 47.264336 -0.030135 0.993855 -0.106510 87.164886 -0.874417 0.025411 0.484510 0.554858 0.000000 0.000000 0.000000 1.000000
0.481422 0.101897 0.870546 53.144608 -0.008700 0.993726 -0.111504 86.858505 -0.876446 0.046106 0.479288 0.112908 0.000000 0.000000 0.000000 1.000000
0.483064 0.087681 0.871184 58.731087 0.017156 0.993835 -0.109538 87.196381 -0.875417 0.067859 0.478582 -0.254858 0.000000 0.000000 0.000000 1.000000
0.490880 0.070493 0.868371 64.190277 0.038615 0.993981 -0.102519 88.118462 -0.870371 0.083857 0.485203 -0.516005 0.000000 0.000000 0.000000 1.000000
0.479988 0.067096 0.874706 69.540375 0.039348 0.994421 -0.097871 89.561668 -0.876392 0.081395 0.474670 -0.643118 0.000000 0.000000 0.000000 1.000000
0.454578 0.066367 0.888231 74.797630 0.033785 0.995218 -0.091651 91.213882 -0.890066 0.071671 0.450162 -0.593418 0.000000 0.000000 0.000000 1.000000
0.434642 0.065749 0.898200 79.965721 0.025294 0.996047 -0.085151 92.708603 -0.900248 0.059729 0.431261 -0.443737 0.000000 0.000000 0.000000 1.000000
0.416268 0.070538 0.906502 84.996483 0.009660 0.996587 -0.081984 93.799828 -0.909191 0.042884 0.414166 -0.285555 0.000000 0.000000 0.000000 1.000000
0.388707 0.081573 0.917743 89.984879 -0.006306 0.996285 -0.085883 94.138077 -0.921340 0.027597 0.387778 -0.045725 0.000000 0.000000 0.000000 1.000000
0.353466 0.092123 0.930900 95.072334 -0.007738 0.995393 -0.095567 93.725555 -0.935415 0.026576 0.352551 0.297831 0.000000 0.000000 0.000000 1.000000
0.304580 0.096132 0.947623 100.320457 0.005337 0.994706 -0.102624 92.694412 -0.952472 0.036315 0.302455 0.656049 0.000000 0.000000 0.000000 1.000000
0.230245 0.094572 0.968526 106.012619 0.027971 0.994212 -0.103730 90.923920 -0.972731 0.050974 0.226267 0.959529 0.000000 0.000000 0.000000 1.000000
0.154263 0.092759 0.983666 111.726021 0.050793 0.993522 -0.101655 89.026062 -0.986723 0.065645 0.148552 1.121114 0.000000 0.000000 0.000000 1.000000
0.105295 0.094550 0.989936 117.104767 0.059365 0.993097 -0.101166 87.523590 -0.992668 0.069419 0.098955 1.081805 0.000000 0.000000 0.000000 1.000000
0.100266 0.100439 0.989878 122.783623 0.046794 0.993315 -0.105528 86.384247 -0.993860 0.056901 0.094896 0.988976 0.000000 0.000000 0.000000 1.000000
0.125869 0.106680 0.986294 128.765854 0.018496 0.993776 -0.109850 85.854080 -0.991874 0.032069 0.123112 0.926916 0.000000 0.000000 0.000000 1.000000
0.176541 0.117020 0.977313 134.575729 -0.030474 0.993082 -0.113403 86.381966 -0.983822 -0.009762 0.178885 0.691802 0.000000 0.000000 0.000000 1.000000
0.231304 0.126818 0.964580 140.164764 -0.070595 0.991042 -0.113369 87.221169 -0.970317 -0.041872 0.238185 0.494026 0.000000 0.000000 0.000000 1.000000
0.282837 0.134191 0.949735 145.187790 -0.094864 0.989224 -0.111519 88.273277 -0.954465 -0.058554 0.292519 0.513890 0.000000 0.000000 0.000000 1.000000
0.325020 0.137709 0.935627 150.227509 -0.101978 0.988676 -0.110092 89.683365 -0.940193 -0.059631 0.335383 0.463078 0.000000 0.000000 0.000000 1.000000
0.361173 0.133642 0.922873 155.146301 -0.079565 0.990484 -0.112295 91.242729 -0.929098 -0.032871 0.368369 0.268251 0.000000 0.000000 0.000000 1.000000
0.391114 0.129550 0.911179 159.926056 -0.051751 0.991573 -0.118766 92.717064 -0.918886 -0.000704 0.394522 0.076392 0.000000 0.000000 0.000000 1.000000
0.404965 0.129670 0.905091 164.515015 -0.027408 0.991169 -0.129739 93.907967 -0.913921 0.027733 0.404943 0.024382 0.000000 0.000000 0.000000 1.000000</float_array>
        <technique_common>
          <accessor source="#mixamorig9_Hips-Matrix-animation-output-transform-array" count="32" stride="16">
            <param type="float4x4"/>
          </accessor>
        </technique_common>
      </source>
      <source id="mixamorig9_Hips-Interpolations">
        <Name_array id="mixamorig9_Hips-Interpolations-array" count="32">
 LINEAR LINEAR LINEAR LINEAR LINEAR LINEAR LINEAR LINEAR LINEAR LINEAR LINEAR
LINEAR LINEAR LINEAR LINEAR LINEAR LINEAR LINEAR LINEAR LINEAR LINEAR LINEAR LINEAR
LINEAR LINEAR LINEAR LINEAR LINEAR LINEAR LINEAR LINEAR LINEAR</Name_array>
        <technique_common>
          <accessor source="#mixamorig9_Hips-Interpolations-array" count="32">
            <param type="name"/>
          </accessor>
        </technique_common>
      </source>
      <sampler id="mixamorig9_Hips-Matrix-animation-transform">
        <input semantic="INPUT" source="#mixamorig9_Hips-Matrix-animation-input"/>
        <input semantic="OUTPUT" source="#mixamorig9_Hips-Matrix-animation-output-transform"/>
        <input semantic="INTERPOLATION" source="#mixamorig9_Hips-Interpolations"/>
      </sampler>
      <channel source="#mixamorig9_Hips-Matrix-animation-transform" target="mixamorig9_Hips/matrix"/>
    </animation>
    <animation id="mixamorig9_Spine-anim" name="mixamorig9_Spine">
      <source id="mixamorig9_Spine-Matrix-animation-input">
        <float_array id="mixamorig9_Spine-Matrix-animation-input-array" count="32">

0.000000 0.033333 0.066667 0.100000 0.133333 0.166667 0.200000 0.233333 0.266667 0.300000 0.333333 0.366667 0.400000 0.433333 0.466667 0.500000
0.533333 0.566667 0.600000 0.633333 0.666667 0.700000 0.733333 0.766667 0.800000 0.833333 0.866667 0.900000 0.933333 0.966667 1.000000 1.033333</float_array>
        <technique_common>
          <accessor source="#mixamorig9_Spine-Matrix-animation-input-array" count="32">
            <param name="TIME" type="float"/>
          </accessor>
        </technique_common>
      </source>
      <source id="mixamorig9_Spine-Matrix-animation-output-transform">
        <float_array id="mixamorig9_Spine-Matrix-animation-output-transform-array" count="512">

0.990804 -0.015556 -0.134410 0.000000 0.014373 0.999849 -0.009763 10.547000 0.134541 0.007741 0.990878 -1.004700 0.000000 0.000000 0.000000 1.000000
0.991816 0.011915 -0.127120 0.000000 -0.012848 0.999896 -0.006523 10.547000 0.127029 0.008103 0.991866 -1.004700 0.000000 0.000000 0.000000 1.000000
0.993290 0.017645 -0.114300 0.000000 -0.018393 0.999816 -0.005496 10.547000 0.114181 0.007561 0.993431 -1.004700 0.000000 0.000000 0.000000 1.000000
0.995472 0.001462 -0.095049 -0.000000 -0.001937 0.999986 -0.004908 10.547000 0.095040 0.005070 0.995461 -1.004700 0.000000 0.000000 0.000000 1.000000
0.997251 -0.030861 -0.067360 0.000000 0.030770 0.999524 -0.002387 10.547000 0.067401 0.000308 0.997726 -1.004700 0.000000 0.000000 0.000000 1.000000
0.997586 -0.056409 -0.040500 -0.000000 0.056435 0.998406 -0.000510 10.547000 0.040465 -0.001777 0.999179 -1.004700 0.000000 0.000000 0.000000 1.000000
0.998153 -0.054381 -0.027082 0.000000 0.054329 0.998520 -0.002640 10.547000 0.027186 0.001164 0.999630 -1.004700 0.000000 0.000000 0.000000 1.000000
0.999352 -0.026878 -0.023959 -0.000000 0.026744 0.999625 -0.005905 10.547000 0.024109 0.005261 0.999695 -1.004700 0.000000 0.000000 0.000000 1.000000
0.999600 0.006220 -0.027602 0.000000 -0.006460 0.999942 -0.008624 10.547000 0.027547 0.008799 0.999582 -1.004700 0.000000 0.000000 0.000000 1.000000
0.999092 0.017351 -0.038911 -0.000000 -0.017462 0.999844 -0.002515 10.547000 0.038862 0.003192 0.999239 -1.004700 0.000000 0.000000 0.000000 1.000000
0.998260 0.036436 -0.046351 0.000000 -0.036287 0.999333 0.004052 10.547000 0.046468 -0.002363 0.998917 -1.004700 0.000000 0.000000 0.000000 1.000000
0.997097 0.057630 -0.049773 0.000000 -0.057608 0.998338 0.001873 10.547000 0.049798 0.001000 0.998759 -1.004700 0.000000 0.000000 0.000000 1.000000
0.995873 0.072476 -0.054630 0.000000 -0.072675 0.997354 -0.001657 10.547000 0.054365 0.005620 0.998505 -1.004700 0.000000 0.000000 0.000000 1.000000
0.995360 0.063591 -0.072218 0.000000 -0.063933 0.997951 -0.002426 10.547000 0.071916 0.007032 0.997386 -1.004700 0.000000 0.000000 0.000000 1.000000
0.994490 0.046992 -0.093709 0.000000 -0.047538 0.998863 -0.003609 10.547000 0.093433 0.008043 0.995593 -1.004700 0.000000 0.000000 0.000000 1.000000
0.993745 0.030244 -0.107499 -0.000000 -0.030985 0.999506 -0.005236 10.547000 0.107287 0.008534 0.994191 -1.004700 0.000000 0.000000 0.000000 1.000000
0.992821 0.009100 -0.119264 0.000000 -0.010070 0.999921 -0.007526 10.547000 0.119186 0.008673 0.992834 -1.004700 0.000000 0.000000 0.000000 1.000000
0.990250 -0.011002 -0.138863 0.000000 0.010003 0.999919 -0.007891 10.547000 0.138939 0.006425 0.990280 -1.004700 0.000000 0.000000 0.000000 1.000000
0.985599 -0.014340 -0.168488 0.000000 0.014019 0.999897 -0.003094 10.547000 0.168515 0.000687 0.985699 -1.004700 0.000000 0.000000 0.000000 1.000000
0.977464 -0.005138 -0.211038 0.000000 0.005855 0.999979 0.002775 10.547000 0.211020 -0.003948 0.977474 -1.004700 0.000000 0.000000 0.000000 1.000000
0.962276 0.006180 -0.272003 0.000000 -0.003142 0.999928 0.011602 10.547000 0.272055 -0.010309 0.962226 -1.004700 0.000000 0.000000 0.000000 1.000000
0.944696 0.015502 -0.327581 0.000000 -0.010595 0.999803 0.016760 10.547000 0.327776 -0.012362 0.944674 -1.004700 0.000000 0.000000 0.000000 1.000000
0.931937 0.012898 -0.362392 -0.000000 -0.009326 0.999889 0.011606 10.547000 0.362501 -0.007436 0.931954 -1.004700 0.000000 0.000000 0.000000 1.000000
0.930102 -0.004595 -0.367273 0.000000 0.008299 0.999929 0.008505 10.547000 0.367208 -0.010959 0.930074 -1.004700 0.000000 0.000000 0.000000 1.000000
0.934464 -0.031506 -0.354662 -0.000000 0.035538 0.999357 0.004859 10.547000 0.354281 -0.017144 0.934982 -1.004700 0.000000 0.000000 0.000000 1.000000
0.940239 -0.078929 -0.331241 0.000000 0.080278 0.996726 -0.009630 10.547000 0.330917 -0.017537 0.943497 -1.004700 0.000000 0.000000 0.000000 1.000000
0.946721 -0.113516 -0.301384 0.000000 0.112827 0.993418 -0.019752 10.547000 0.301643 -0.015305 0.953298 -1.004700 0.000000 0.000000 0.000000 1.000000
0.960081 -0.121507 -0.251953 0.000000 0.119221 0.992568 -0.024379 10.547000 0.253043 -0.006632 0.967432 -1.004700 0.000000 0.000000 0.000000 1.000000
0.972032 -0.115263 -0.204617 0.000000 0.112655 0.993335 -0.024392 10.547000 0.206065 0.000659 0.978538 -1.004700 0.000000 0.000000 0.000000 1.000000
0.981183 -0.085243 -0.173243 0.000000 0.082901 0.996342 -0.020728 10.547000 0.174377 0.005976 0.984661 -1.004700 0.000000 0.000000 0.000000 1.000000
0.987730 -0.049581 -0.148091 0.000000 0.047867 0.998739 -0.015114 10.547000 0.148654 0.007840 0.988858 -1.004700 0.000000 0.000000 0.000000 1.000000
0.990804 -0.015555 -0.134410 -0.000000 0.014372 0.999849 -0.009762 10.547000 0.134542 0.007741 0.990878 -1.004700 0.000000 0.000000 0.000000 1.000000</float_array>
        <technique_common>
          <accessor source="#mixamorig9_Spine-Matrix-animation-output-transform-array" count="32" stride="16">
            <param type="float4x4"/>
          </accessor>
        </technique_common>
      </source>
      <source id="mixamorig9_Spine-Interpolations">
        <Name_array id="mixamorig9_Spine-Interpolations-array" count="32">
 LINEAR LINEAR LINEAR LINEAR LINEAR LINEAR LINEAR LINEAR LINEAR LINEAR LINEAR
LINEAR LINEAR LINEAR LINEAR LINEAR LINEAR LINEAR LINEAR LINEAR LINEAR LINEAR LINEAR
LINEAR LINEAR LINEAR LINEAR LINEAR LINEAR LINEAR LINEAR LINEAR</Name_array>
        <technique_common>
          <accessor source="#mixamorig9_Spine-Interpolations-array" count="32">
            <param type="name"/>
          </accessor>
        </technique_common>
      </source>
      <sampler id="mixamorig9_Spine-Matrix-animation-transform">
        <input semantic="INPUT" source="#mixamorig9_Spine-Matrix-animation-input"/>
        <input semantic="OUTPUT" source="#mixamorig9_Spine-Matrix-animation-output-transform"/>
        <input semantic="INTERPOLATION" source="#mixamorig9_Spine-Interpolations"/>
      </sampler>
      <channel source="#mixamorig9_Spine-Matrix-animation-transform" target="mixamorig9_Spine/matrix"/>
    </animation>
    <animation id="mixamorig9_Spine1-anim" name="mixamorig9_Spine1">
      <source id="mixamorig9_Spine1-Matrix-animation-input">
        <float_array id="mixamorig9_Spine1-Matrix-animation-input-array" count="32">

0.000000 0.033333 0.066667 0.100000 0.133333 0.166667 0.200000 0.233333 0.266667 0.300000 0.333333 0.366667 0.400000 0.433333 0.466667 0.500000
0.533333 0.566667 0.600000 0.633333 0.666667 0.700000 0.733333 0.766667 0.800000 0.833333 0.866667 0.900000 0.933333 0.966667 1.000000 1.033333</float_array>
        <technique_common>
          <accessor source="#mixamorig9_Spine1-Matrix-animation-input-array" count="32">
            <param name="TIME" type="float"/>
          </accessor>
        </technique_common>
      </source>
      <source id="mixamorig9_Spine1-Matrix-animation-output-transform">
        <float_array id="mixamorig9_Spine1-Matrix-animation-output-transform-array" count="512">

0.995735 -0.017407 -0.090606 -0.000000 0.010653 0.997164 -0.074500 12.360600 0.091646 0.073217 0.993096 -0.000000 0.000000 0.000000 0.000000 1.000000
0.996380 -0.008723 -0.084563 -0.000000 0.002435 0.997242 -0.074180 12.360600 0.084977 0.073706 0.993653 -0.000000 0.000000 0.000000 0.000000 1.000000
0.996740 -0.003464 -0.080607 -0.000000 -0.002494 0.997277 -0.073699 12.360600 0.080643 0.073660 0.994018 0.000000 0.000000 0.000000 0.000000 1.000000
0.997024 -0.003178 -0.077026 -0.000000 -0.002381 0.997404 -0.071969 12.360600 0.077055 0.071938 0.994428 -0.000000 0.000000 0.000000 0.000000 1.000000
0.997469 -0.009167 -0.070509 0.000000 0.004383 0.997695 -0.067710 12.360600 0.070967 0.067229 0.995210 0.000000 0.000000 0.000000 0.000000 1.000000
0.997889 -0.016815 -0.062735 0.000000 0.012738 0.997815 -0.064825 12.360600 0.063688 0.063889 0.995923 0.000000 0.000000 0.000000 0.000000 1.000000
0.998211 -0.019090 -0.056661 0.000000 0.015299 0.997662 -0.066605 12.360600 0.057800 0.065619 0.996169 0.000000 0.000000 0.000000 0.000000 1.000000
0.998463 -0.012994 -0.053872 -0.000000 0.009212 0.997514 -0.069866 12.360600 0.054646 0.069263 0.996101 0.000000 0.000000 0.000000 0.000000 1.000000
0.998544 -0.002069 -0.053903 0.000000 -0.001881 0.997321 -0.073125 12.360600 0.053910 0.073120 0.995865 0.000000 0.000000 0.000000 0.000000 1.000000
0.998388 0.003953 -0.056624 0.000000 -0.007959 0.997466 -0.070701 12.360600 0.056201 0.071038 0.995889 0.000000 0.000000 0.000000 0.000000 1.000000
0.998117 0.010268 -0.060477 0.000000 -0.014370 0.997596 -0.067788 12.360600 0.059636 0.068529 0.995865 -0.000000 0.000000 0.000000 0.000000 1.000000
0.998006 0.020939 -0.059550 0.000000 -0.025089 0.997244 -0.069825 12.360600 0.057924 0.071180 0.995780 0.000000 0.000000 0.000000 0.000000 1.000000
0.997952 0.028022 -0.057502 0.000000 -0.032144 0.996883 -0.072055 12.360600 0.055304 0.073756 0.995742 0.000000 0.000000 0.000000 0.000000 1.000000
0.997629 0.024228 -0.064414 0.000000 -0.028868 0.996979 -0.072109 12.360600 0.062472 0.073798 0.995315 0.000000 0.000000 0.000000 0.000000 1.000000
0.997082 0.018253 -0.074127 -0.000000 -0.023602 0.997130 -0.071939 12.360600 0.072601 0.073479 0.994651 -0.000000 0.000000 0.000000 0.000000 1.000000
0.996857 0.013069 -0.078134 0.000000 -0.018720 0.997226 -0.072037 12.360600 0.076976 0.073273 0.994337 0.000000 0.000000 0.000000 0.000000 1.000000
0.996721 0.005544 -0.080726 0.000000 -0.011444 0.997280 -0.072808 12.360600 0.080102 0.073493 0.994074 0.000000 0.000000 0.000000 0.000000 1.000000
0.996260 -0.003432 -0.086337 -0.000000 -0.002805 0.997399 -0.072017 12.360600 0.086360 0.071989 0.993660 -0.000000 0.000000 0.000000 0.000000 1.000000
0.995509 -0.008784 -0.094254 0.000000 0.002351 0.997672 -0.068149 12.360600 0.094633 0.067622 0.993213 0.000000 0.000000 0.000000 0.000000 1.000000
0.994654 -0.007695 -0.102978 0.000000 0.001174 0.997998 -0.063233 12.360600 0.103259 0.062774 0.992672 0.000000 0.000000 0.000000 0.000000 1.000000
0.993658 -0.003414 -0.112390 0.000000 -0.003089 0.998333 -0.057638 12.360600 0.112399 0.057620 0.991991 0.000000 0.000000 0.000000 0.000000 1.000000
0.992599 0.000618 -0.121434 0.000000 -0.007227 0.998515 -0.053990 12.360600 0.121221 0.054468 0.991130 0.000000 0.000000 0.000000 0.000000 1.000000
0.991976 0.000266 -0.126423 -0.000000 -0.007404 0.998404 -0.055994 12.360600 0.126207 0.056481 0.990395 0.000000 0.000000 0.000000 0.000000 1.000000
0.991750 -0.006826 -0.128002 -0.000000 -0.000727 0.998266 -0.058865 12.360600 0.128182 0.058473 0.990025 0.000000 0.000000 0.000000 0.000000 1.000000
0.991757 -0.017628 -0.126917 0.000000 0.010286 0.998248 -0.058271 12.360600 0.127722 0.056485 0.990200 0.000000 0.000000 0.000000 0.000000 1.000000
0.992150 -0.029859 -0.121437 0.000000 0.022434 0.997821 -0.062056 12.360600 0.123025 0.058844 0.990657 0.000000 0.000000 0.000000 0.000000 1.000000
0.992071 -0.038753 -0.119553 0.000000 0.030786 0.997225 -0.067783 12.360600 0.121848 0.063565 0.990511 0.000000 0.000000 0.000000 0.000000 1.000000
0.991305 -0.042460 -0.124542 0.000000 0.033657 0.996840 -0.071951 12.360600 0.127204 0.067134 0.989602 -0.000000 0.000000 0.000000 0.000000 1.000000
0.991409 -0.041886 -0.123912 -0.000000 0.032932 0.996756 -0.073443 12.360600 0.126587 0.068732 0.989572 0.000000 0.000000 0.000000 0.000000 1.000000
0.992893 -0.034995 -0.113751 -0.000000 0.026566 0.996846 -0.074788 12.360600 0.116009 0.071234 0.990690 0.000000 0.000000 0.000000 0.000000 1.000000
0.994480 -0.026603 -0.101497 -0.000000 0.019024 0.997008 -0.074919 12.360600 0.103187 0.072574 0.992011 -0.000000 0.000000 0.000000 0.000000 1.000000
0.995735 -0.017407 -0.090606 0.000000 0.010653 0.997164 -0.074500 12.360600 0.091646 0.073217 0.993096 0.000000 0.000000 0.000000 0.000000 1.000000</float_array>
        <technique_common>
          <accessor source="#mixamorig9_Spine1-Matrix-animation-output-transform-array" count="32" stride="16">
            <param type="float4x4"/>
          </accessor>
        </technique_common>
      </source>
      <source id="mixamorig9_Spine1-Interpolations">
        <Name_array id="mixamorig9_Spine1-Interpolations-array" count="32">
 LINEAR LINEAR LINEAR LINEAR LINEAR LINEAR LINEAR LINEAR LINEAR LINEAR LINEAR
LINEAR LINEAR LINEAR LINEAR LINEAR LINEAR LINEAR LINEAR LINEAR LINEAR LINEAR LINEAR
LINEAR LINEAR LINEAR LINEAR LINEAR LINEAR LINEAR LINEAR LINEAR</Name_array>
        <technique_common>
          <accessor source="#mixamorig9_Spine1-Interpolations-array" count="32">
            <param type="name"/>
          </accessor>
        </technique_common>
      </source>
      <sampler id="mixamorig9_Spine1-Matrix-animation-transform">
        <input semantic="INPUT" source="#mixamorig9_Spine1-Matrix-animation-input"/>
        <input semantic="OUTPUT" source="#mixamorig9_Spine1-Matrix-animation-output-transform"/>
        <input semantic="INTERPOLATION" source="#mixamorig9_Spine1-Interpolations"/>
      </sampler>
      <channel source="#mixamorig9_Spine1-Matrix-animation-transform" target="mixamorig9_Spine1/matrix"/>
    </animation>
    <animation id="mixamorig9_Spine2-anim" name="mixamorig9_Spine2">
      <source id="mixamorig9_Spine2-Matrix-animation-input">
        <float_array id="mixamorig9_Spine2-Matrix-animation-input-array" count="32">

0.000000 0.033333 0.066667 0.100000 0.133333 0.166667 0.200000 0.233333 0.266667 0.300000 0.333333 0.366667 0.400000 0.433333 0.466667 0.500000
0.533333 0.566667 0.600000 0.633333 0.666667 0.700000 0.733333 0.766667 0.800000 0.833333 0.866667 0.900000 0.933333 0.966667 1.000000 1.033333</float_array>
        <technique_common>
          <accessor source="#mixamorig9_Spine2-Matrix-animation-input-array" count="32">
            <param name="TIME" type="float"/>
          </accessor>
        </technique_common>
      </source>
      <source id="mixamorig9_Spine2-Matrix-animation-output-transform">
        <float_array id="mixamorig9_Spine2-Matrix-animation-output-transform-array" count="512">

0.995699 -0.017068 -0.091059 0.000000 0.010320 0.997200 -0.074071 14.126300 0.092068 0.072813 0.993087 0.000000 0.000000 0.000000 0.000000 1.000000
0.996337 -0.008334 -0.085108 0.000000 0.002050 0.997282 -0.073657 14.126300 0.085491 0.073213 0.993645 0.000000 0.000000 0.000000 0.000000 1.000000
0.996702 -0.002982 -0.081096 0.000000 -0.002974 0.997311 -0.073224 14.126300 0.081096 0.073223 0.994013 0.000000 0.000000 0.000000 0.000000 1.000000
0.997005 -0.002693 -0.077291 0.000000 -0.002864 0.997422 -0.071700 14.126300 0.077285 0.071707 0.994427 0.000000 0.000000 0.000000 0.000000 1.000000
0.997481 -0.008867 -0.070372 0.000000 0.004085 0.997690 -0.067809 14.126300 0.070811 0.067351 0.995213 0.000000 0.000000 0.000000 0.000000 1.000000
0.997921 -0.016770 -0.062226 0.000000 0.012702 0.997791 -0.065208 14.126300 0.063182 0.064282 0.995930 -0.000000 0.000000 0.000000 0.000000 1.000000
0.998238 -0.019065 -0.056196 0.000000 0.015286 0.997641 -0.066917 14.126300 0.057339 0.065940 0.996175 0.000000 0.000000 0.000000 0.000000 1.000000
0.998470 -0.012864 -0.053770 0.000000 0.009086 0.997511 -0.069925 14.126300 0.054535 0.069330 0.996102 0.000000 0.000000 0.000000 0.000000 1.000000
0.998535 -0.001812 -0.054086 0.000000 -0.002144 0.997330 -0.072995 14.126300 0.054074 0.073004 0.995865 0.000000 0.000000 0.000000 0.000000 1.000000
0.998374 0.004370 -0.056831 -0.000000 -0.008381 0.997474 -0.070531 14.126300 0.056380 0.070892 0.995889 -0.000000 0.000000 0.000000 0.000000 1.000000
0.998082 0.010913 -0.060931 0.000000 -0.015018 0.997618 -0.067327 14.126300 0.060051 0.068113 0.995869 0.000000 0.000000 0.000000 0.000000 1.000000
0.997958 0.021614 -0.060110 -0.000000 -0.025767 0.997271 -0.069193 14.126300 0.058451 0.070600 0.995791 0.000000 0.000000 0.000000 0.000000 1.000000
0.997908 0.028595 -0.057988 0.000000 -0.032720 0.996905 -0.071486 14.126300 0.055764 0.073233 0.995755 0.000000 0.000000 0.000000 0.000000 1.000000
0.997596 0.024739 -0.064737 -0.000000 -0.029371 0.997000 -0.071606 14.126300 0.062771 0.073335 0.995330 -0.000000 0.000000 0.000000 0.000000 1.000000
0.997056 0.018685 -0.074361 0.000000 -0.024020 0.997151 -0.071509 14.126300 0.072813 0.073084 0.994664 0.000000 0.000000 0.000000 0.000000 1.000000
0.996831 0.013426 -0.078413 0.000000 -0.019071 0.997245 -0.071686 14.126300 0.077234 0.072954 0.994340 -0.000000 0.000000 0.000000 0.000000 1.000000
0.996688 0.005922 -0.081103 -0.000000 -0.011816 0.997307 -0.072381 14.126300 0.080456 0.073100 0.994074 0.000000 0.000000 0.000000 0.000000 1.000000
0.996217 -0.003067 -0.086849 -0.000000 -0.003158 0.997440 -0.071444 14.126300 0.086846 0.071448 0.993656 0.000000 0.000000 0.000000 0.000000 1.000000
0.995444 -0.008600 -0.094964 0.000000 0.002205 0.997734 -0.067249 14.126300 0.095327 0.066734 0.993207 0.000000 0.000000 0.000000 0.000000 1.000000
0.994567 -0.007807 -0.103808 -0.000000 0.001365 0.998076 -0.061987 14.126300 0.104092 0.061508 0.992664 0.000000 0.000000 0.000000 0.000000 1.000000
0.993566 -0.004140 -0.113179 0.000000 -0.002260 0.998408 -0.056358 14.126300 0.113232 0.056252 0.991975 -0.000000 0.000000 0.000000 0.000000 1.000000
0.992504 -0.000567 -0.122211 0.000000 -0.005920 0.998592 -0.052707 14.126300 0.122069 0.053035 0.991104 0.000000 0.000000 0.000000 0.000000 1.000000
0.991876 -0.000676 -0.127205 0.000000 -0.006317 0.998490 -0.054566 14.126300 0.127049 0.054926 0.990374 0.000000 0.000000 0.000000 0.000000 1.000000
0.991658 -0.007398 -0.128687 0.000000 -0.000002 0.998351 -0.057410 14.126300 0.128899 0.056931 0.990022 0.000000 0.000000 0.000000 0.000000 1.000000
0.991673 -0.017731 -0.127558 0.000000 0.010557 0.998335 -0.056701 14.126300 0.128351 0.054882 0.990209 -0.000000 0.000000 0.000000 0.000000 1.000000
0.992077 -0.029257 -0.122175 -0.000000 0.021979 0.997926 -0.060499 14.126300 0.123692 0.057334 0.990663 0.000000 0.000000 0.000000 0.000000 1.000000
0.992013 -0.037956 -0.120287 0.000000 0.030102 0.997335 -0.066453 14.126300 0.122489 0.062301 0.990512 -0.000000 0.000000 0.000000 0.000000 1.000000
0.991252 -0.041623 -0.125248 -0.000000 0.032936 0.996957 -0.070650 14.126300 0.127808 0.065906 0.989607 0.000000 0.000000 0.000000 0.000000 1.000000
0.991370 -0.041336 -0.124405 0.000000 0.032475 0.996845 -0.072431 14.126300 0.127007 0.067766 0.989584 0.000000 0.000000 0.000000 0.000000 1.000000
0.992859 -0.034707 -0.114130 0.000000 0.026335 0.996906 -0.074062 14.126300 0.116347 0.070528 0.990701 0.000000 0.000000 0.000000 0.000000 1.000000
0.994450 -0.026359 -0.101856 -0.000000 0.018806 0.997050 -0.074417 14.126300 0.103517 0.072089 0.992012 -0.000000 0.000000 0.000000 0.000000 1.000000
0.995699 -0.017068 -0.091059 -0.000000 0.010320 0.997200 -0.074071 14.126300 0.092068 0.072813 0.993087 0.000000 0.000000 0.000000 0.000000 1.000000</float_array>
        <technique_common>
          <accessor source="#mixamorig9_Spine2-Matrix-animation-output-transform-array" count="32" stride="16">
            <param type="float4x4"/>
          </accessor>
        </technique_common>
      </source>
      <source id="mixamorig9_Spine2-Interpolations">
        <Name_array id="mixamorig9_Spine2-Interpolations-array" count="32">
 LINEAR LINEAR LINEAR LINEAR LINEAR LINEAR LINEAR LINEAR LINEAR LINEAR LINEAR
LINEAR LINEAR LINEAR LINEAR LINEAR LINEAR LINEAR LINEAR LINEAR LINEAR LINEAR LINEAR
LINEAR LINEAR LINEAR LINEAR LINEAR LINEAR LINEAR LINEAR LINEAR</Name_array>
        <technique_common>
          <accessor source="#mixamorig9_Spine2-Interpolations-array" count="32">
            <param type="name"/>
          </accessor>
        </technique_common>
      </source>
      <sampler id="mixamorig9_Spine2-Matrix-animation-transform">
        <input semantic="INPUT" source="#mixamorig9_Spine2-Matrix-animation-input"/>
        <input semantic="OUTPUT" source="#mixamorig9_Spine2-Matrix-animation-output-transform"/>
        <input semantic="INTERPOLATION" source="#mixamorig9_Spine2-Interpolations"/>
      </sampler>
      <channel source="#mixamorig9_Spine2-Matrix-animation-transform" target="mixamorig9_Spine2/matrix"/>
    </animation>
    <animation id="mixamorig9_Neck-anim" name="mixamorig9_Neck">
      <source id="mixamorig9_Neck-Matrix-animation-input">
        <float_array id="mixamorig9_Neck-Matrix-animation-input-array" count="32">

0.000000 0.033333 0.066667 0.100000 0.133333 0.166667 0.200000 0.233333 0.266667 0.300000 0.333333 0.366667 0.400000 0.433333 0.466667 0.500000
0.533333 0.566667 0.600000 0.633333 0.666667 0.700000 0.733333 0.766667 0.800000 0.833333 0.866667 0.900000 0.933333 0.966667 1.000000 1.033333</float_array>
        <technique_common>
          <accessor source="#mixamorig9_Neck-Matrix-animation-input-array" count="32">
            <param name="TIME" type="float"/>
          </accessor>
        </technique_common>
      </source>
      <source id="mixamorig9_Neck-Matrix-animation-output-transform">
        <float_array id="mixamorig9_Neck-Matrix-animation-output-transform-array" count="512">

0.994486 0.005575 -0.104723 0.000000 -0.024453 0.983387 -0.179868 15.892100 0.101980 0.181437 0.978101 -0.000000 0.000000 0.000000 0.000000 1.000000
0.994420 0.006484 -0.105290 0.000000 -0.025147 0.983906 -0.176908 15.892100 0.102448 0.178569 0.978579 0.000000 0.000000 0.000000 0.000000 1.000000
0.994345 0.009198 -0.105797 -0.000000 -0.027484 0.984589 -0.172709 15.892100 0.102578 0.174640 0.979275 0.000000 0.000000 0.000000 0.000000 1.000000
0.994222 0.012952 -0.106563 -0.000000 -0.030653 0.985616 -0.166197 15.892100 0.102878 0.168503 0.980318 -0.000000 0.000000 0.000000 0.000000 1.000000
0.993997 0.016417 -0.108164 -0.000000 -0.033753 0.986466 -0.160457 15.892100 0.104066 0.163145 0.981098 -0.000000 0.000000 0.000000 0.000000 1.000000
0.993846 0.019343 -0.109068 0.000000 -0.036604 0.986671 -0.158559 15.892100 0.104547 0.161576 0.981307 0.000000 0.000000 0.000000 0.000000 1.000000
0.993838 0.019510 -0.109110 -0.000000 -0.036619 0.986908 -0.157074 15.892100 0.104617 0.160101 0.981541 0.000000 0.000000 0.000000 0.000000 1.000000
0.993867 0.016594 -0.109332 -0.000000 -0.033797 0.986951 -0.157435 15.892100 0.105293 0.160164 0.981459 0.000000 0.000000 0.000000 0.000000 1.000000
0.993928 0.014025 -0.109138 0.000000 -0.031624 0.986407 -0.161246 15.892100 0.105394 0.163719 0.980861 0.000000 0.000000 0.000000 0.000000 1.000000
0.994108 0.014742 -0.107384 0.000000 -0.032291 0.986003 -0.163568 15.892100 0.103470 0.166072 0.980670 -0.000000 0.000000 0.000000 0.000000 1.000000
0.994229 0.014876 -0.106246 -0.000000 -0.032028 0.986335 -0.161611 15.892100 0.102390 0.164082 0.981119 0.000000 0.000000 0.000000 0.000000 1.000000
0.994293 0.013086 -0.105879 -0.000000 -0.029915 0.986831 -0.158967 15.892100 0.102404 0.161227 0.981590 -0.000000 0.000000 0.000000 0.000000 1.000000
0.994479 0.015447 -0.103792 -0.000000 -0.031815 0.986934 -0.157956 15.892100 0.099996 0.160386 0.981976 0.000000 0.000000 0.000000 0.000000 1.000000
0.994711 0.022156 -0.100294 0.000000 -0.037962 0.986620 -0.158553 15.892100 0.095440 0.161522 0.982243 0.000000 0.000000 0.000000 0.000000 1.000000
0.994778 0.028164 -0.098101 0.000000 -0.043945 0.985708 -0.162631 15.892100 0.092119 0.166093 0.981798 -0.000000 0.000000 0.000000 0.000000 1.000000
0.994720 0.031320 -0.097732 0.000000 -0.047651 0.984372 -0.169530 15.892100 0.090895 0.173291 0.980667 0.000000 0.000000 0.000000 0.000000 1.000000
0.994685 0.032632 -0.097655 -0.000000 -0.049424 0.983359 -0.174822 15.892100 0.090325 0.178719 0.979745 -0.000000 0.000000 0.000000 0.000000 1.000000
0.994688 0.032847 -0.097553 0.000000 -0.049787 0.983012 -0.176662 15.892100 0.090092 0.180581 0.979425 0.000000 0.000000 0.000000 0.000000 1.000000
0.994787 0.029688 -0.097556 0.000000 -0.046666 0.983164 -0.176664 15.892100 0.090669 0.180295 0.979425 -0.000000 0.000000 0.000000 0.000000 1.000000
0.994906 0.023687 -0.097980 0.000000 -0.040630 0.983776 -0.174738 15.892100 0.092251 0.177828 0.979728 -0.000000 0.000000 0.000000 0.000000 1.000000
0.994815 0.023506 -0.098949 0.000000 -0.040213 0.984552 -0.170409 15.892100 0.093415 0.173505 0.980393 -0.000000 0.000000 0.000000 0.000000 1.000000
0.994631 0.023557 -0.100766 0.000000 -0.040035 0.985518 -0.164776 15.892100 0.095425 0.167926 0.981170 0.000000 0.000000 0.000000 0.000000 1.000000
0.994478 0.021887 -0.102642 -0.000000 -0.038148 0.986501 -0.159250 15.892100 0.097771 0.162286 0.981888 0.000000 0.000000 0.000000 0.000000 1.000000
0.994423 0.022818 -0.102970 0.000000 -0.038983 0.986697 -0.157828 15.892100 0.097999 0.160962 0.982083 0.000000 0.000000 0.000000 0.000000 1.000000
0.994543 0.022578 -0.101857 0.000000 -0.038703 0.986482 -0.159236 15.892100 0.096884 0.162309 0.981972 0.000000 0.000000 0.000000 0.000000 1.000000
0.994751 0.024267 -0.099410 0.000000 -0.040025 0.986348 -0.159735 15.892100 0.094177 0.162875 0.982142 0.000000 0.000000 0.000000 0.000000 1.000000
0.994988 0.023902 -0.097100 -0.000000 -0.039516 0.985963 -0.162222 15.892100 0.091860 0.165246 0.981965 0.000000 0.000000 0.000000 0.000000 1.000000
0.995077 0.013038 -0.098247 -0.000000 -0.029560 0.985234 -0.168645 15.892100 0.094597 0.170718 0.980768 -0.000000 0.000000 0.000000 0.000000 1.000000
0.994893 0.009424 -0.100498 0.000000 -0.026455 0.985173 -0.169515 15.892100 0.097410 0.171308 0.980390 0.000000 0.000000 0.000000 0.000000 1.000000
0.994776 0.008750 -0.101709 0.000000 -0.026147 0.984923 -0.171005 15.892100 0.098679 0.172771 0.980006 0.000000 0.000000 0.000000 0.000000 1.000000
0.994661 0.008233 -0.102871 0.000000 -0.026356 0.984021 -0.176088 15.892100 0.099777 0.177860 0.978984 -0.000000 0.000000 0.000000 0.000000 1.000000
0.994486 0.005575 -0.104723 0.000000 -0.024453 0.983387 -0.179868 15.892100 0.101980 0.181437 0.978101 -0.000000 0.000000 0.000000 0.000000 1.000000</float_array>
        <technique_common>
          <accessor source="#mixamorig9_Neck-Matrix-animation-output-transform-array" count="32" stride="16">
            <param type="float4x4"/>
          </accessor>
        </technique_common>
      </source>
      <source id="mixamorig9_Neck-Interpolations">
        <Name_array id="mixamorig9_Neck-Interpolations-array" count="32">
 LINEAR LINEAR LINEAR LINEAR LINEAR LINEAR LINEAR LINEAR LINEAR LINEAR LINEAR
LINEAR LINEAR LINEAR LINEAR LINEAR LINEAR LINEAR LINEAR LINEAR LINEAR LINEAR LINEAR
LINEAR LINEAR LINEAR LINEAR LINEAR LINEAR LINEAR LINEAR LINEAR</Name_array>
        <technique_common>
          <accessor source="#mixamorig9_Neck-Interpolations-array" count="32">
            <param type="name"/>
          </accessor>
        </technique_common>
      </source>
      <sampler id="mixamorig9_Neck-Matrix-animation-transform">
        <input semantic="INPUT" source="#mixamorig9_Neck-Matrix-animation-input"/>
        <input semantic="OUTPUT" source="#mixamorig9_Neck-Matrix-animation-output-transform"/>
        <input semantic="INTERPOLATION" source="#mixamorig9_Neck-Interpolations"/>
      </sampler>
      <channel source="#mixamorig9_Neck-Matrix-animation-transform" target="mixamorig9_Neck/matrix"/>
    </animation>
    <animation id="mixamorig9_Head-anim" name="mixamorig9_Head">
      <source id="mixamorig9_Head-Matrix-animation-input">
        <float_array id="mixamorig9_Head-Matrix-animation-input-array" count="32">

0.000000 0.033333 0.066667 0.100000 0.133333 0.166667 0.200000 0.233333 0.266667 0.300000 0.333333 0.366667 0.400000 0.433333 0.466667 0.500000
0.533333 0.566667 0.600000 0.633333 0.666667 0.700000 0.733333 0.766667 0.800000 0.833333 0.866667 0.900000 0.933333 0.966667 1.000000 1.033333</float_array>
        <technique_common>
          <accessor source="#mixamorig9_Head-Matrix-animation-input-array" count="32">
            <param name="TIME" type="float"/>
          </accessor>
        </technique_common>
      </source>
      <source id="mixamorig9_Head-Matrix-animation-output-transform">
        <float_array id="mixamorig9_Head-Matrix-animation-output-transform-array" count="512">

0.994450 0.005396 -0.105068 0.000000 -0.014482 0.996198 -0.085905 6.594300 0.104205 0.086949 0.990748 1.984900 0.000000 0.000000 0.000000 1.000000
0.994402 0.006068 -0.105493 -0.000000 -0.014898 0.996428 -0.083120 6.594300 0.104612 0.084226 0.990940 1.984900 0.000000 0.000000 0.000000 1.000000
0.994332 0.008571 -0.105976 -0.000000 -0.017003 0.996735 -0.078928 6.594300 0.104953 0.080282 0.991231 1.984900 0.000000 0.000000 0.000000 1.000000
0.994202 0.012174 -0.106833 0.000000 -0.019972 0.997188 -0.072234 6.594300 0.105654 0.073949 0.991650 1.984900 0.000000 0.000000 0.000000 1.000000
0.993963 0.015596 -0.108605 -0.000000 -0.022884 0.997545 -0.066186 6.594300 0.107307 0.068272 0.991879 1.984900 0.000000 0.000000 0.000000 1.000000
0.993794 0.018561 -0.109676 0.000000 -0.025697 0.997618 -0.064011 6.594300 0.108226 0.066432 0.991904 1.984900 0.000000 0.000000 0.000000 1.000000
0.993783 0.018627 -0.109763 0.000000 -0.025609 0.997714 -0.062541 6.594300 0.108347 0.064963 0.991988 1.984900 0.000000 0.000000 0.000000 1.000000
0.993832 0.015615 -0.109789 -0.000000 -0.022650 0.997748 -0.063131 6.594300 0.108556 0.065228 0.991948 1.984900 0.000000 0.000000 0.000000 1.000000
0.993914 0.013033 -0.109389 -0.000000 -0.020484 0.997524 -0.067271 6.594300 0.108241 0.069102 0.991720 1.984900 0.000000 0.000000 0.000000 1.000000
0.994115 0.013796 -0.107448 -0.000000 -0.021390 0.997329 -0.069842 6.594300 0.106197 0.071729 0.991755 1.984900 0.000000 0.000000 0.000000 1.000000
0.994254 0.013997 -0.106123 0.000000 -0.021311 0.997451 -0.068105 6.594300 0.104899 0.069975 0.992018 1.984900 0.000000 0.000000 0.000000 1.000000
0.994342 0.012195 -0.105522 0.000000 -0.019217 0.997649 -0.065778 6.594300 0.104472 0.067433 0.992239 1.984900 0.000000 0.000000 0.000000 1.000000
0.994532 0.014587 -0.103413 -0.000000 -0.021372 0.997669 -0.064805 6.594300 0.102227 0.066660 0.992525 1.984900 0.000000 0.000000 0.000000 1.000000
0.994738 0.021471 -0.100173 0.000000 -0.028078 0.997489 -0.065017 6.594300 0.098526 0.067488 0.992843 1.984900 0.000000 0.000000 0.000000 1.000000
0.994779 0.027714 -0.098215 -0.000000 -0.034565 0.997034 -0.068758 6.594300 0.096018 0.071794 0.992787 1.984900 0.000000 0.000000 0.000000 1.000000
0.994706 0.031026 -0.097965 0.000000 -0.038521 0.996396 -0.075567 6.594300 0.095267 0.078941 0.992317 1.984900 0.000000 0.000000 0.000000 1.000000
0.994641 0.032352 -0.098199 -0.000000 -0.040371 0.995912 -0.080806 6.594300 0.095184 0.084337 0.991881 1.984900 0.000000 0.000000 0.000000 1.000000
0.994631 0.032657 -0.098201 -0.000000 -0.040837 0.995756 -0.082479 6.594300 0.095091 0.086047 0.991743 1.984900 0.000000 0.000000 0.000000 1.000000
0.994739 0.029836 -0.098005 0.000000 -0.037985 0.995878 -0.082362 6.594300 0.095144 0.085652 0.991772 1.984900 0.000000 0.000000 0.000000 1.000000
0.994866 0.024182 -0.098270 0.000000 -0.032193 0.996212 -0.080773 6.594300 0.095944 0.083522 0.991876 1.984900 0.000000 0.000000 0.000000 1.000000
0.994771 0.023055 -0.099498 0.000000 -0.030783 0.996568 -0.076839 6.594300 0.097385 0.079500 0.992067 1.984900 0.000000 0.000000 0.000000 1.000000
0.994584 0.022845 -0.101395 -0.000000 -0.030209 0.996969 -0.071699 6.594300 0.099450 0.074373 0.992259 1.984900 0.000000 0.000000 0.000000 1.000000
0.994433 0.021751 -0.103097 0.000000 -0.028675 0.997397 -0.066162 6.594300 0.101389 0.068750 0.992468 1.984900 0.000000 0.000000 0.000000 1.000000
0.994370 0.023000 -0.103438 0.000000 -0.029691 0.997533 -0.063613 6.594300 0.101720 0.066326 0.992600 1.984900 0.000000 0.000000 0.000000 1.000000
0.994478 0.023240 -0.102339 -0.000000 -0.029989 0.997441 -0.064908 6.594300 0.100569 0.067619 0.992630 1.984900 0.000000 0.000000 0.000000 1.000000
