<?xml version="1.0" encoding="utf-8"?>
<COLLADA xmlns="http://www.collada.org/2005/11/COLLADASchema" version="1.4.1">
  <asset>
    <contributor>
      <author>Mixamo</author>
      <authoring_tool>COLLADA Mixamo exporter</authoring_tool>
      <comments/>
    </contributor>
    <created>2026-01-24T17:20:42Z</created>
    <modified>2026-01-24T17:20:42Z</modified>
    <revision/>
    <title/>
    <unit meter="0.010000"/>
    <up_axis>Y_UP</up_axis>
  </asset>
  <library_animations>
    <animation id="mixamorig9_Hips-anim" name="mixamorig9_Hips">
      <source id="mixamorig9_Hips-Matrix-animation-input">
        <float_array id="mixamorig9_Hips-Matrix-animation-input-array" count="32">

0.000000 0.033333 0.066667 0.100000 0.133333 0.166667 0.200000 0.233333 0.266667 0.300000 0.333333 0.366667 0.400000 0.433333 0.466667 0.500000
0.533333 0.566667 0.600000 0.633333 0.666667 0.700000 0.733333 0.766667 0.800000 0.833333 0.866667 0.900000 0.933333 0.966667 1.000000 1.033333</float_array>
        <technique_common>
          <accessor source="#mixamorig9_Hips-Matrix-animation-input-array" count="32">
            <param name="TIME" type="float"/>
          </accessor>
        </technique_common>
      </source>
      <source id="mixamorig9_Hips-Matrix-animation-output-transform">
        <float_array id="mixamorig9_Hips-Matrix-animation-output-transform-array" count="512">

0.403733 -0.076160 -0.911701 -0.132434 0.002121 0.996604 -0.082313 94.075272 0.914874 0.031299 0.402523 0.031197 0.000000 0.000000 0.000000 1.000000
0.371866 -0.088211 -0.924086 -5.145772 0.011314 0.995832 -0.090507 94.013969 0.928217 0.023202 0.371314 0.331834 0.000000 0.000000 0.000000 1.000000
0.333163 -0.095983 -0.937971 -10.310893 0.004238 0.994947 -0.100308 93.246910 0.942860 0.029444 0.331886 0.705388 0.000000 0.000000 0.000000 1.000000
0.268997 -0.096007 -0.958344 -15.741928 -0.014756 0.994492 -0.103770 91.872253 0.963028 0.042055 0.266099 1.038131 0.000000 0.000000 0.000000 1.000000
0.190401 -0.093765 -0.977218 -21.531269 -0.038819 0.993931 -0.102933 89.901001 0.980939 0.057533 0.185605 1.286796 0.000000 0.000000 0.000000 1.000000
0.123537 -0.092923 -0.987980 -27.112511 -0.058120 0.993219 -0.100683 88.118675 0.990636 0.069860 0.117299 1.358778 0.000000 0.000000 0.000000 1.000000
0.095139 -0.095948 -0.990829 -32.583000 -0.062148 0.992830 -0.102109 86.744186 0.993522 0.071293 0.088494 1.302820 0.000000 0.000000 0.000000 1.000000
0.109540 -0.103886 -0.988539 -38.378242 -0.032275 0.993627 -0.107997 86.009903 0.993458 0.043735 0.105489 1.178139 0.000000 0.000000 0.000000 1.000000
0.145404 -0.109572 -0.983286 -44.462631 -0.002868 0.993798 -0.111167 85.700562 0.989368 0.018985 0.144188 1.104064 0.000000 0.000000 0.000000 1.000000
0.197345 -0.117925 -0.973216 -50.297207 0.037105 0.992926 -0.112789 86.129791 0.979632 -0.013852 0.200324 0.878285 0.000000 0.000000 0.000000 1.000000
0.252033 -0.127257 -0.959315 -55.428116 0.073197 0.990983 -0.112228 87.054031 0.964946 -0.041933 0.259076 0.773516 0.000000 0.000000 0.000000 1.000000
0.300657 -0.134325 -0.944226 -60.332367 0.094280 0.989369 -0.110727 88.338013 0.949061 -0.055731 0.310125 0.771949 0.000000 0.000000 0.000000 1.000000
0.338890 -0.135810 -0.930972 -65.265495 0.091215 0.989608 -0.111160 89.968697 0.936394 -0.047247 0.347756 0.602538 0.000000 0.000000 0.000000 1.000000
0.375602 -0.133249 -0.917152 -70.118431 0.070539 0.990850 -0.115069 91.615479 0.924093 -0.021475 0.381565 0.349125 0.000000 0.000000 0.000000 1.000000
0.398299 -0.133017 -0.907560 -74.833282 0.048539 0.991099 -0.123959 93.113419 0.915971 0.005320 0.401210 0.197252 0.000000 0.000000 0.000000 1.000000
0.404143 -0.131292 -0.905224 -79.366936 0.029393 0.990998 -0.130609 94.222122 0.914223 0.026178 0.404364 0.406864 0.000000 0.000000 0.000000 1.000000
0.407373 -0.130891 -0.903833 -83.857536 0.019408 0.990693 -0.134722 94.719757 0.913056 0.037340 0.406122 0.791643 0.000000 0.000000 0.000000 1.000000
0.414381 -0.136957 -0.899740 -88.541557 0.025632 0.989976 -0.138888 94.548225 0.909743 0.034490 0.413738 1.050343 0.000000 0.000000 0.000000 1.000000
0.427713 -0.149453 -0.891474 -93.547615 0.046973 0.988579 -0.143195 93.717270 0.902693 0.019371 0.429848 1.190107 0.000000 0.000000 0.000000 1.000000
0.452289 -0.159212 -0.877546 -99.015488 0.075254 0.987241 -0.140328 91.976677 0.888691 -0.002570 0.458499 1.256773 0.000000 0.000000 0.000000 1.000000
0.475215 -0.161300 -0.864958 -104.383972 0.093534 0.986743 -0.132623 90.368362 0.874884 -0.017878 0.484002 1.355700 0.000000 0.000000 0.000000 1.000000
0.483345 -0.160221 -0.860643 -109.556610 0.098215 0.986827 -0.128554 88.987877 0.869903 -0.022392 0.492714 1.391508 0.000000 0.000000 0.000000 1.000000
0.481634 -0.144680 -0.864347 -115.073044 0.080797 0.989409 -0.120591 88.037880 0.872640 -0.011756 0.488223 1.298646 0.000000 0.000000 0.000000 1.000000
0.483280 -0.117704 -0.867517 -121.177246 0.048358 0.992997 -0.107790 87.399879 0.874129 0.010141 0.485588 0.986840 0.000000 0.000000 0.000000 1.000000
0.483520 -0.105971 -0.868895 -127.261459 0.023100 0.993844 -0.108355 86.922821 0.875028 0.032320 0.482991 0.534211 0.000000 0.000000 0.000000 1.000000
0.480657 -0.098937 -0.871310 -132.996307 0.002270 0.993752 -0.111588 86.877525 0.876906 0.051657 0.477878 0.118492 0.000000 0.000000 0.000000 1.000000
0.487768 -0.080419 -0.869261 -138.516342 -0.024054 0.994132 -0.105469 87.524719 0.872642 0.072353 0.482971 -0.204222 0.000000 0.000000 0.000000 1.000000
0.488528 -0.070288 -0.869713 -143.899963 -0.034737 0.994393 -0.099877 88.727821 0.871856 0.079004 0.483347 -0.404123 0.000000 0.000000 0.000000 1.000000
0.467387 -0.069532 -0.881314 -149.159286 -0.030959 0.995003 -0.094920 90.363014 0.883510 0.071649 0.462899 -0.440244 0.000000 0.000000 0.000000 1.000000
0.443480 -0.067641 -0.893728 -154.349396 -0.025572 0.995787 -0.088054 91.970055 0.895920 0.061904 0.439882 -0.318351 0.000000 0.000000 0.000000 1.000000
0.425955 -0.068806 -0.902124 -159.414108 -0.014714 0.996445 -0.082947 93.331688 0.904625 0.048605 0.423428 -0.156953 0.000000 0.000000 0.000000 1.000000
0.403733 -0.076160 -0.911701 -164.383316 0.002121 0.996604 -0.082313 94.075272 0.914874 0.031298 0.402523 0.031196 0.000000 0.000000 0.000000 1.000000</float_array>
        <technique_common>
          <accessor source="#mixamorig9_Hips-Matrix-animation-output-transform-array" count="32" stride="16">
            <param type="float4x4"/>
          </accessor>
        </technique_common>
      </source>
      <source id="mixamorig9_Hips-Interpolations">
        <Name_array id="mixamorig9_Hips-Interpolations-array" count="32">
 LINEAR LINEAR LINEAR LINEAR LINEAR LINEAR LINEAR LINEAR LINEAR LINEAR LINEAR
LINEAR LINEAR LINEAR LINEAR LINEAR LINEAR LINEAR LINEAR LINEAR LINEAR LINEAR LINEAR
LINEAR LINEAR LINEAR LINEAR LINEAR LINEAR LINEAR LINEAR LINEAR</Name_array>
        <technique_common>
          <accessor source="#mixamorig9_Hips-Interpolations-array" count="32">
            <param type="name"/>
          </accessor>
        </technique_common>
      </source>
      <sampler id="mixamorig9_Hips-Matrix-animation-transform">
        <input semantic="INPUT" source="#mixamorig9_Hips-Matrix-animation-input"/>
        <input semantic="OUTPUT" source="#mixamorig9_Hips-Matrix-animation-output-transform"/>
        <input semantic="INTERPOLATION" source="#mixamorig9_Hips-Interpolations"/>
      </sampler>
      <channel source="#mixamorig9_Hips-Matrix-animation-transform" target="mixamorig9_Hips/matrix"/>
    </animation>
    <animation id="mixamorig9_Spine-anim" name="mixamorig9_Spine">
      <source id="mixamorig9_Spine-Matrix-animation-input">
        <float_array id="mixamorig9_Spine-Matrix-animation-input-array" count="32">

0.000000 0.033333 0.066667 0.100000 0.133333 0.166667 0.200000 0.233333 0.266667 0.300000 0.333333 0.366667 0.400000 0.433333 0.466667 0.500000
0.533333 0.566667 0.600000 0.633333 0.666667 0.700000 0.733333 0.766667 0.800000 0.833333 0.866667 0.900000 0.933333 0.966667 1.000000 1.033333</float_array>
        <technique_common>
          <accessor source="#mixamorig9_Spine-Matrix-animation-input-array" count="32">
            <param name="TIME" type="float"/>
          </accessor>
        </technique_common>
      </source>
      <source id="mixamorig9_Spine-Matrix-animation-output-transform">
        <float_array id="mixamorig9_Spine-Matrix-animation-output-transform-array" count="512">

0.991830 0.005062 0.127465 0.000000 -0.004005 0.999955 -0.008554 10.547000 -0.127503 0.007973 0.991806 -1.004700 0.000000 0.000000 0.000000 1.000000
0.988152 0.017395 0.152491 0.000000 -0.016589 0.999841 -0.006559 10.547000 -0.152581 0.003951 0.988283 -1.004700 0.000000 0.000000 0.000000 1.000000
0.982505 0.012008 0.185846 0.000000 -0.012272 0.999925 0.000271 10.547000 -0.185829 -0.002547 0.982579 -1.004700 0.000000 0.000000 0.000000 1.000000
0.970496 0.000910 0.241115 -0.000000 -0.002446 0.999979 0.006071 10.547000 -0.241104 -0.006482 0.970478 -1.004700 0.000000 0.000000 0.000000 1.000000
0.953331 -0.010009 0.301761 0.000000 0.005855 0.999875 0.014666 10.547000 -0.301870 -0.012215 0.953271 -1.004700 0.000000 0.000000 0.000000 1.000000
0.936781 -0.016719 0.349515 -0.000000 0.012011 0.999806 0.015634 10.547000 -0.349709 -0.010448 0.936800 -1.004700 0.000000 0.000000 0.000000 1.000000
0.928483 -0.013419 0.371133 0.000000 0.009313 0.999874 0.012852 10.547000 -0.371259 -0.008477 0.928491 -1.004700 0.000000 0.000000 0.000000 1.000000
0.931821 0.019341 0.362402 -0.000000 -0.023177 0.999712 0.006239 10.547000 -0.362177 -0.014213 0.932001 -1.004700 0.000000 0.000000 0.000000 1.000000
0.936357 0.045243 0.348122 -0.000000 -0.049406 0.998774 0.003083 10.547000 -0.347555 -0.020086 0.937444 -1.004700 0.000000 0.000000 0.000000 1.000000
0.941305 0.082122 0.327416 0.000000 -0.084789 0.996380 -0.006148 10.547000 -0.326736 -0.021974 0.944860 -1.004700 0.000000 0.000000 0.000000 1.000000
0.952074 0.107365 0.286406 -0.000000 -0.106973 0.994116 -0.017061 10.547000 -0.286553 -0.014395 0.957956 -1.004700 0.000000 0.000000 0.000000 1.000000
0.966170 0.112108 0.232265 0.000000 -0.110161 0.993684 -0.021377 10.547000 -0.233195 -0.004932 0.972418 -1.004700 0.000000 0.000000 0.000000 1.000000
0.976121 0.100124 0.192778 0.000000 -0.097665 0.994971 -0.022242 10.547000 -0.194036 0.002883 0.980990 -1.004700 0.000000 0.000000 0.000000 1.000000
0.984223 0.073248 0.161057 0.000000 -0.071076 0.997286 -0.019211 10.547000 -0.162027 0.007461 0.986758 -1.004700 0.000000 0.000000 0.000000 1.000000
0.989186 0.043125 0.140182 0.000000 -0.041555 0.999037 -0.014114 10.547000 -0.140656 0.008136 0.990025 -1.004700 0.000000 0.000000 0.000000 1.000000
0.991435 0.017123 0.129471 0.000000 -0.015885 0.999818 -0.010591 10.547000 -0.129629 0.008444 0.991527 -1.004700 0.000000 0.000000 0.000000 1.000000
0.992930 0.002565 0.118674 0.000000 -0.001611 0.999966 -0.008133 10.547000 -0.118691 0.007884 0.992900 -1.004700 0.000000 0.000000 0.000000 1.000000
0.994609 0.006822 0.103474 0.000000 -0.006119 0.999956 -0.007102 10.547000 -0.103517 0.006431 0.994607 -1.004700 0.000000 0.000000 0.000000 1.000000
0.996358 0.027178 0.080821 0.000000 -0.026908 0.999628 -0.004420 10.547000 -0.080911 0.002229 0.996719 -1.004700 0.000000 0.000000 0.000000 1.000000
0.997328 0.051463 0.051849 -0.000000 -0.051499 0.998673 -0.000643 10.547000 -0.051814 -0.002029 0.998655 -1.004700 0.000000 0.000000 0.000000 1.000000
0.997759 0.058952 0.031649 0.000000 -0.058944 0.998261 -0.001158 10.547000 -0.031662 -0.000710 0.999498 -1.004700 0.000000 0.000000 0.000000 1.000000
0.998300 0.052693 0.024921 0.000000 -0.052626 0.998609 -0.003343 10.547000 -0.025063 0.002025 0.999684 -1.004700 0.000000 0.000000 0.000000 1.000000
0.999137 0.030688 0.027983 -0.000000 -0.030530 0.999515 -0.006062 10.547000 -0.028156 0.005202 0.999590 -1.004700 0.000000 0.000000 0.000000 1.000000
0.999405 0.000534 0.034491 0.000000 -0.000349 0.999986 -0.005369 10.547000 -0.034494 0.005354 0.999391 -1.004700 0.000000 0.000000 0.000000 1.000000
0.998864 -0.021921 0.042306 -0.000000 0.021850 0.999759 0.002143 10.547000 -0.042343 -0.001217 0.999102 -1.004700 0.000000 0.000000 0.000000 1.000000
0.998073 -0.039355 0.047971 0.000000 0.039183 0.999222 0.004517 10.547000 -0.048111 -0.002628 0.998839 -1.004700 0.000000 0.000000 0.000000 1.000000
0.996928 -0.059907 0.050449 0.000000 0.059976 0.998200 0.000135 10.547000 -0.050366 0.002891 0.998727 -1.004700 0.000000 0.000000 0.000000 1.000000
0.996128 -0.062943 0.061378 0.000000 0.063180 0.998000 -0.001926 10.547000 -0.061134 0.005796 0.998113 -1.004700 0.000000 0.000000 0.000000 1.000000
0.995348 -0.048565 0.083207 0.000000 0.048992 0.998794 -0.003096 10.547000 -0.082956 0.007158 0.996527 -1.004700 0.000000 0.000000 0.000000 1.000000
0.994289 -0.033493 0.101334 0.000000 0.034137 0.999406 -0.004625 10.547000 -0.101119 0.008058 0.994842 -1.004700 0.000000 0.000000 0.000000 1.000000
0.993483 -0.016268 0.112814 0.000000 0.017140 0.999830 -0.006761 10.547000 -0.112684 0.008651 0.993593 -1.004700 0.000000 0.000000 0.000000 1.000000
0.991830 0.005062 0.127465 -0.000000 -0.004005 0.999955 -0.008554 10.547000 -0.127502 0.007973 0.991806 -1.004700 0.000000 0.000000 0.000000 1.000000</float_array>
        <technique_common>
          <accessor source="#mixamorig9_Spine-Matrix-animation-output-transform-array" count="32" stride="16">
            <param type="float4x4"/>
          </accessor>
        </technique_common>
      </source>
      <source id="mixamorig9_Spine-Interpolations">
        <Name_array id="mixamorig9_Spine-Interpolations-array" count="32">
 LINEAR LINEAR LINEAR LINEAR LINEAR LINEAR LINEAR LINEAR LINEAR LINEAR LINEAR
LINEAR LINEAR LINEAR LINEAR LINEAR LINEAR LINEAR LINEAR LINEAR LINEAR LINEAR LINEAR
LINEAR LINEAR LINEAR LINEAR LINEAR LINEAR LINEAR LINEAR LINEAR</Name_array>
        <technique_common>
          <accessor source="#mixamorig9_Spine-Interpolations-array" count="32">
            <param type="name"/>
          </accessor>
        </technique_common>
      </source>
      <sampler id="mixamorig9_Spine-Matrix-animation-transform">
        <input semantic="INPUT" source="#mixamorig9_Spine-Matrix-animation-input"/>
        <input semantic="OUTPUT" source="#mixamorig9_Spine-Matrix-animation-output-transform"/>
        <input semantic="INTERPOLATION" source="#mixamorig9_Spine-Interpolations"/>
      </sampler>
      <channel source="#mixamorig9_Spine-Matrix-animation-transform" target="mixamorig9_Spine/matrix"/>
    </animation>
    <animation id="mixamorig9_Spine1-anim" name="mixamorig9_Spine1">
      <source id="mixamorig9_Spine1-Matrix-animation-input">
        <float_array id="mixamorig9_Spine1-Matrix-animation-input-array" count="32">

0.000000 0.033333 0.066667 0.100000 0.133333 0.166667 0.200000 0.233333 0.266667 0.300000 0.333333 0.366667 0.400000 0.433333 0.466667 0.500000
0.533333 0.566667 0.600000 0.633333 0.666667 0.700000 0.733333 0.766667 0.800000 0.833333 0.866667 0.900000 0.933333 0.966667 1.000000 1.033333</float_array>
        <technique_common>
          <accessor source="#mixamorig9_Spine1-Matrix-animation-input-array" count="32">
            <param name="TIME" type="float"/>
          </accessor>
        </technique_common>
      </source>
      <source id="mixamorig9_Spine1-Matrix-animation-output-transform">
        <float_array id="mixamorig9_Spine1-Matrix-animation-output-transform-array" count="512">

0.996539 -0.000794 0.083119 -0.000000 0.006865 0.997324 -0.072780 12.360600 -0.082839 0.073099 0.993878 0.000000 0.000000 0.000000 0.000000 1.000000
0.995905 0.006970 0.090132 0.000000 -0.000601 0.997512 -0.070496 12.360600 -0.090399 0.070154 0.993432 -0.000000 0.000000 0.000000 0.000000 1.000000
0.995092 0.009064 0.098540 0.000000 -0.002594 0.997843 -0.065592 12.360600 -0.098922 0.065014 0.992969 0.000000 0.000000 0.000000 0.000000 1.000000
0.994179 0.005758 0.107585 0.000000 0.000789 0.998155 -0.060712 12.360600 -0.107736 0.060444 0.992340 0.000000 0.000000 0.000000 0.000000 1.000000
0.993109 0.001161 0.117189 -0.000000 0.005389 0.998441 -0.055563 12.360600 -0.117071 0.055812 0.991554 0.000000 0.000000 0.000000 0.000000 1.000000
0.992213 -0.001198 0.124545 0.000000 0.007973 0.998514 -0.053916 12.360600 -0.124295 0.054489 0.990748 -0.000000 0.000000 0.000000 0.000000 1.000000
0.991843 0.002126 0.127446 0.000000 0.005163 0.998370 -0.056838 12.360600 -0.127359 0.057033 0.990216 -0.000000 0.000000 0.000000 0.000000 1.000000
0.991702 0.012003 0.127999 -0.000000 -0.004459 0.998244 -0.059066 12.360600 -0.128483 0.058005 0.990014 0.000000 0.000000 0.000000 0.000000 1.000000
0.991937 0.023652 0.124505 0.000000 -0.016566 0.998200 -0.057638 12.360600 -0.125644 0.055111 0.990543 -0.000000 0.000000 0.000000 0.000000 1.000000
0.992241 0.034536 0.119439 -0.000000 -0.027314 0.997728 -0.061580 12.360600 -0.121294 0.057840 0.990930 0.000000 0.000000 0.000000 0.000000 1.000000
0.991719 0.040441 0.121893 0.000000 -0.032284 0.997152 -0.068166 12.360600 -0.124303 0.063666 0.990200 0.000000 0.000000 0.000000 0.000000 1.000000
0.991166 0.042281 0.125705 0.000000 -0.033455 0.996878 -0.071519 12.360600 -0.128337 0.066681 0.989486 0.000000 0.000000 0.000000 0.000000 1.000000
0.992074 0.038549 0.119600 0.000000 -0.029826 0.996821 -0.073886 12.360600 -0.122068 0.069733 0.990069 0.000000 0.000000 0.000000 0.000000 1.000000
0.993720 0.031019 0.107510 0.000000 -0.022982 0.996903 -0.075205 12.360600 -0.109510 0.072262 0.991356 -0.000000 0.000000 0.000000 0.000000 1.000000
0.995133 0.022916 0.095836 -0.000000 -0.015724 0.997049 -0.075134 12.360600 -0.097275 0.073262 0.992557 0.000000 0.000000 0.000000 0.000000 1.000000
0.996077 0.014211 0.087347 0.000000 -0.007652 0.997156 -0.074972 12.360600 -0.088164 0.074009 0.993353 -0.000000 0.000000 0.000000 0.000000 1.000000
0.996586 0.007555 0.082218 0.000000 -0.001422 0.997228 -0.074392 12.360600 -0.082552 0.074021 0.993834 0.000000 0.000000 0.000000 0.000000 1.000000
0.996867 0.004601 0.078960 -0.000000 0.001200 0.997312 -0.073265 12.360600 -0.079085 0.073130 0.994182 0.000000 0.000000 0.000000 0.000000 1.000000
0.997228 0.007092 0.074066 0.000000 -0.001890 0.997541 -0.070066 12.360600 -0.074381 0.069732 0.994789 0.000000 0.000000 0.000000 0.000000 1.000000
0.997685 0.014060 0.066538 0.000000 -0.009708 0.997820 -0.065280 12.360600 -0.067311 0.064483 0.995646 0.000000 0.000000 0.000000 0.000000 1.000000
0.998058 0.018947 0.059336 0.000000 -0.015061 0.997754 -0.065269 12.360600 -0.060439 0.064249 0.996102 0.000000 0.000000 0.000000 0.000000 1.000000
0.998325 0.018554 0.054797 0.000000 -0.014841 0.997615 -0.067411 12.360600 -0.055917 0.066485 0.996219 0.000000 0.000000 0.000000 0.000000 1.000000
0.998513 0.010874 0.053420 0.000000 -0.007104 0.997504 -0.070258 12.360600 -0.054050 0.069774 0.996097 0.000000 0.000000 0.000000 0.000000 1.000000
0.998497 0.000531 0.054808 0.000000 0.003393 0.997436 -0.071477 12.360600 -0.054705 0.071556 0.995935 -0.000000 0.000000 0.000000 0.000000 1.000000
0.998256 -0.006082 0.058726 -0.000000 0.010094 0.997615 -0.068277 12.360600 -0.058171 0.068750 0.995937 0.000000 0.000000 0.000000 0.000000 1.000000
0.998052 -0.014181 0.060756 0.000000 0.018291 0.997543 -0.067632 12.360600 -0.059647 0.068611 0.995859 0.000000 0.000000 0.000000 0.000000 1.000000
0.998019 -0.024943 0.057763 0.000000 0.029013 0.997074 -0.070724 12.360600 -0.055830 0.072260 0.995822 0.000000 0.000000 0.000000 0.000000 1.000000
0.997866 -0.026299 0.059761 -0.000000 0.030570 0.996957 -0.071714 12.360600 -0.057694 0.073388 0.995633 0.000000 0.000000 0.000000 0.000000 1.000000
0.997357 -0.020452 0.069718 0.000000 0.025463 0.997097 -0.071764 12.360600 -0.068048 0.073350 0.994982 -0.000000 0.000000 0.000000 0.000000 1.000000
0.996931 -0.015355 0.076762 0.000000 0.020884 0.997204 -0.071752 12.360600 -0.075446 0.073135 0.994464 -0.000000 0.000000 0.000000 0.000000 1.000000
0.996817 -0.009465 0.079160 0.000000 0.015220 0.997259 -0.072407 12.360600 -0.078258 0.073381 0.994229 0.000000 0.000000 0.000000 0.000000 1.000000
0.996539 -0.000794 0.083119 0.000000 0.006865 0.997324 -0.072780 12.360600 -0.082839 0.073099 0.993878 0.000000 0.000000 0.000000 0.000000 1.000000</float_array>
        <technique_common>
          <accessor source="#mixamorig9_Spine1-Matrix-animation-output-transform-array" count="32" stride="16">
            <param type="float4x4"/>
          </accessor>
        </technique_common>
      </source>
      <source id="mixamorig9_Spine1-Interpolations">
        <Name_array id="mixamorig9_Spine1-Interpolations-array" count="32">
 LINEAR LINEAR LINEAR LINEAR LINEAR LINEAR LINEAR LINEAR LINEAR LINEAR LINEAR
LINEAR LINEAR LINEAR LINEAR LINEAR LINEAR LINEAR LINEAR LINEAR LINEAR LINEAR LINEAR
LINEAR LINEAR LINEAR LINEAR LINEAR LINEAR LINEAR LINEAR LINEAR</Name_array>
        <technique_common>
          <accessor source="#mixamorig9_Spine1-Interpolations-array" count="32">
            <param type="name"/>
          </accessor>
        </technique_common>
      </source>
      <sampler id="mixamorig9_Spine1-Matrix-animation-transform">
        <input semantic="INPUT" source="#mixamorig9_Spine1-Matrix-animation-input"/>
        <input semantic="OUTPUT" source="#mixamorig9_Spine1-Matrix-animation-output-transform"/>
        <input semantic="INTERPOLATION" source="#mixamorig9_Spine1-Interpolations"/>
      </sampler>
      <channel source="#mixamorig9_Spine1-Matrix-animation-transform" target="mixamorig9_Spine1/matrix"/>
    </animation>
    <animation id="mixamorig9_Spine2-anim" name="mixamorig9_Spine2">
      <source id="mixamorig9_Spine2-Matrix-animation-input">
        <float_array id="mixamorig9_Spine2-Matrix-animation-input-array" count="32">

0.000000 0.033333 0.066667 0.100000 0.133333 0.166667 0.200000 0.233333 0.266667 0.300000 0.333333 0.366667 0.400000 0.433333 0.466667 0.500000
0.533333 0.566667 0.600000 0.633333 0.666667 0.700000 0.733333 0.766667 0.800000 0.833333 0.866667 0.900000 0.933333 0.966667 1.000000 1.033333</float_array>
        <technique_common>
          <accessor source="#mixamorig9_Spine2-Matrix-animation-input-array" count="32">
            <param name="TIME" type="float"/>
          </accessor>
        </technique_common>
      </source>
      <source id="mixamorig9_Spine2-Matrix-animation-output-transform">
        <float_array id="mixamorig9_Spine2-Matrix-animation-output-transform-array" count="512">

0.996504 -0.001183 0.083542 0.000000 0.007246 0.997356 -0.072313 14.126300 -0.083235 0.072666 0.993877 0.000000 0.000000 0.000000 0.000000 1.000000
0.995853 0.006668 0.090736 0.000000 -0.000321 0.997562 -0.069789 14.126300 -0.090980 0.069470 0.993427 0.000000 0.000000 0.000000 0.000000 1.000000
0.995014 0.009019 0.099322 -0.000000 -0.002606 0.997914 -0.064511 14.126300 -0.099696 0.063930 0.992962 0.000000 0.000000 0.000000 0.000000 1.000000
0.994088 0.006115 0.108406 0.000000 0.000339 0.998233 -0.059413 14.126300 -0.108577 0.059099 0.992330 -0.000000 0.000000 0.000000 0.000000 1.000000
0.993016 0.002160 0.117962 0.000000 0.004279 0.998515 -0.054302 14.126300 -0.117905 0.054428 0.991532 -0.000000 0.000000 0.000000 0.000000 1.000000
0.992115 -0.000017 0.125327 0.000000 0.006659 0.998595 -0.052576 14.126300 -0.125150 0.052996 0.990721 -0.000000 0.000000 0.000000 0.000000 1.000000
0.991743 0.003002 0.128203 0.000000 0.004134 0.998458 -0.055356 14.126300 -0.128171 0.055429 0.990202 -0.000000 0.000000 0.000000 0.000000 1.000000
0.991614 0.012331 0.128645 -0.000000 -0.004946 0.998329 -0.057569 14.126300 -0.129140 0.056450 0.990018 0.000000 0.000000 0.000000 0.000000 1.000000
0.991858 0.023593 0.125144 -0.000000 -0.016674 0.998289 -0.056050 14.126300 -0.126252 0.053506 0.990554 0.000000 0.000000 0.000000 0.000000 1.000000
0.992176 0.034195 0.120070 0.000000 -0.027108 0.997820 -0.060167 14.126300 -0.121865 0.056442 0.990941 0.000000 0.000000 0.000000 0.000000 1.000000
0.991660 0.039851 0.122565 0.000000 -0.031818 0.997258 -0.066817 14.126300 -0.124892 0.062360 0.990209 0.000000 0.000000 0.000000 0.000000 1.000000
0.991116 0.041717 0.126289 0.000000 -0.033010 0.996981 -0.070275 14.126300 -0.128839 0.065482 0.989501 -0.000000 0.000000 0.000000 0.000000 1.000000
0.992035 0.038191 0.120034 0.000000 -0.029547 0.996896 -0.072981 14.126300 -0.122449 0.068853 0.990084 -0.000000 0.000000 0.000000 0.000000 1.000000
0.993690 0.030758 0.107858 -0.000000 -0.022759 0.996952 -0.074626 14.126300 -0.109825 0.071701 0.991361 0.000000 0.000000 0.000000 0.000000 1.000000
0.995107 0.022591 0.096190 0.000000 -0.015410 0.997083 -0.074750 14.126300 -0.097598 0.072902 0.992552 0.000000 0.000000 0.000000 0.000000 1.000000
0.996046 0.013810 0.087755 -0.000000 -0.007252 0.997186 -0.074611 14.126300 -0.088538 0.073679 0.993344 0.000000 0.000000 0.000000 0.000000 1.000000
0.996556 0.007074 0.082620 0.000000 -0.000942 0.997256 -0.074029 14.126300 -0.082917 0.073697 0.993828 -0.000000 0.000000 0.000000 0.000000 1.000000
0.996850 0.004085 0.079206 0.000000 0.001716 0.997328 -0.073034 14.126300 -0.079292 0.072940 0.994179 0.000000 0.000000 0.000000 0.000000 1.000000
0.997233 0.006668 0.074044 -0.000000 -0.001466 0.997540 -0.070085 14.126300 -0.074329 0.069782 0.994789 0.000000 0.000000 0.000000 0.000000 1.000000
0.997714 0.013928 0.066123 0.000000 -0.009581 0.997799 -0.065614 14.126300 -0.066892 0.064830 0.995652 0.000000 0.000000 0.000000 0.000000 1.000000
0.998091 0.018944 0.058785 -0.000000 -0.015070 0.997728 -0.065659 14.126300 -0.059895 0.064647 0.996109 -0.000000 0.000000 0.000000 0.000000 1.000000
0.998348 0.018514 0.054383 0.000000 -0.014813 0.997597 -0.067686 14.126300 -0.055506 0.066769 0.996223 -0.000000 0.000000 0.000000 0.000000 1.000000
0.998524 0.010750 0.053236 0.000000 -0.006986 0.997495 -0.070389 14.126300 -0.053859 0.069913 0.996098 0.000000 0.000000 0.000000 0.000000 1.000000
0.998495 0.000261 0.054843 -0.000000 0.003664 0.997437 -0.071457 14.126300 -0.054721 0.071551 0.995935 0.000000 0.000000 0.000000 0.000000 1.000000
0.998236 -0.006597 0.059008 0.000000 0.010613 0.997628 -0.068016 14.126300 -0.058419 0.068522 0.995938 0.000000 0.000000 0.000000 0.000000 1.000000
0.998013 -0.014834 0.061232 0.000000 0.018945 0.997566 -0.067112 14.126300 -0.060088 0.068139 0.995865 -0.000000 0.000000 0.000000 0.000000 1.000000
0.997975 -0.025538 0.058253 -0.000000 0.029611 0.997096 -0.070158 14.126300 -0.056292 0.071741 0.995834 0.000000 0.000000 0.000000 0.000000 1.000000
0.997831 -0.026814 0.060121 0.000000 0.031085 0.996973 -0.071259 14.126300 -0.058028 0.072974 0.995644 0.000000 0.000000 0.000000 0.000000 1.000000
0.997332 -0.020917 0.069942 0.000000 0.025915 0.997116 -0.071330 14.126300 -0.068248 0.072952 0.994998 -0.000000 0.000000 0.000000 0.000000 1.000000
0.996909 -0.015730 0.076976 -0.000000 0.021252 0.997217 -0.071457 14.126300 -0.075638 0.072872 0.994469 -0.000000 0.000000 0.000000 0.000000 1.000000
0.996789 -0.009824 0.079471 0.000000 0.015572 0.997280 -0.072038 14.126300 -0.078547 0.073044 0.994231 0.000000 0.000000 0.000000 0.000000 1.000000
0.996504 -0.001183 0.083542 0.000000 0.007246 0.997356 -0.072313 14.126300 -0.083235 0.072666 0.993877 0.000000 0.000000 0.000000 0.000000 1.000000</float_array>
        <technique_common>
          <accessor source="#mixamorig9_Spine2-Matrix-animation-output-transform-array" count="32" stride="16">
            <param type="float4x4"/>
          </accessor>
        </technique_common>
      </source>
      <source id="mixamorig9_Spine2-Interpolations">
        <Name_array id="mixamorig9_Spine2-Interpolations-array" count="32">
 LINEAR LINEAR LINEAR LINEAR LINEAR LINEAR LINEAR LINEAR LINEAR LINEAR LINEAR
LINEAR LINEAR LINEAR LINEAR LINEAR LINEAR LINEAR LINEAR LINEAR LINEAR LINEAR LINEAR
LINEAR LINEAR LINEAR LINEAR LINEAR LINEAR LINEAR LINEAR LINEAR</Name_array>
        <technique_common>
          <accessor source="#mixamorig9_Spine2-Interpolations-array" count="32">
            <param type="name"/>
          </accessor>
        </technique_common>
      </source>
      <sampler id="mixamorig9_Spine2-Matrix-animation-transform">
        <input semantic="INPUT" source="#mixamorig9_Spine2-Matrix-animation-input"/>
        <input semantic="OUTPUT" source="#mixamorig9_Spine2-Matrix-animation-output-transform"/>
        <input semantic="INTERPOLATION" source="#mixamorig9_Spine2-Interpolations"/>
      </sampler>
      <channel source="#mixamorig9_Spine2-Matrix-animation-transform" target="mixamorig9_Spine2/matrix"/>
    </animation>
    <animation id="mixamorig9_Neck-anim" name="mixamorig9_Neck">
      <source id="mixamorig9_Neck-Matrix-animation-input">
        <float_array id="mixamorig9_Neck-Matrix-animation-input-array" count="32">

0.000000 0.033333 0.066667 0.100000 0.133333 0.166667 0.200000 0.233333 0.266667 0.300000 0.333333 0.366667 0.400000 0.433333 0.466667 0.500000
0.533333 0.566667 0.600000 0.633333 0.666667 0.700000 0.733333 0.766667 0.800000 0.833333 0.866667 0.900000 0.933333 0.966667 1.000000 1.033333</float_array>
        <technique_common>
          <accessor source="#mixamorig9_Neck-Matrix-animation-input-array" count="32">
            <param name="TIME" type="float"/>
          </accessor>
        </technique_common>
      </source>
      <source id="mixamorig9_Neck-Matrix-animation-output-transform">
        <float_array id="mixamorig9_Neck-Matrix-animation-output-transform-array" count="512">

0.994679 -0.032993 0.097600 0.000000 0.049891 0.983104 -0.176120 15.892100 -0.090140 0.180052 0.979518 0.000000 0.000000 0.000000 0.000000 1.000000
0.994724 -0.031799 0.097531 0.000000 0.048757 0.983045 -0.176762 15.892100 -0.090257 0.180585 0.979409 0.000000 0.000000 0.000000 0.000000 1.000000
0.994858 -0.026725 0.097692 -0.000000 0.043728 0.983366 -0.176292 15.892100 -0.091355 0.179658 0.979478 0.000000 0.000000 0.000000 0.000000 1.000000
0.994889 -0.022706 0.098385 0.000000 0.039547 0.984169 -0.172767 15.892100 -0.092904 0.175775 0.980037 -0.000000 0.000000 0.000000 0.000000 1.000000
0.994727 -0.023757 0.099773 0.000000 0.040358 0.984991 -0.167823 15.892100 -0.094289 0.170965 0.980755 0.000000 0.000000 0.000000 0.000000 1.000000
0.994542 -0.022921 0.101789 0.000000 0.039263 0.986078 -0.161581 15.892100 -0.096668 0.164696 0.981596 0.000000 0.000000 0.000000 0.000000 1.000000
0.994452 -0.020806 0.103114 -0.000000 0.037112 0.986608 -0.158833 15.892100 -0.098429 0.161778 0.981906 0.000000 0.000000 0.000000 0.000000 1.000000
0.994459 -0.023110 0.102550 0.000000 0.039266 0.986586 -0.158451 15.892100 -0.097512 0.161600 0.982027 0.000000 0.000000 0.000000 0.000000 1.000000
0.994643 -0.022863 0.100812 -0.000000 0.038853 0.986413 -0.159623 15.892100 -0.095793 0.162685 0.982017 0.000000 0.000000 0.000000 0.000000 1.000000
0.994863 -0.025498 0.097965 0.000000 0.041066 0.986206 -0.160345 15.892100 -0.092525 0.163544 0.982187 0.000000 0.000000 0.000000 0.000000 1.000000
0.995082 -0.018838 0.097251 0.000000 0.034823 0.985612 -0.165399 15.892100 -0.092736 0.167972 0.981420 -0.000000 0.000000 0.000000 0.000000 1.000000
0.994990 -0.009435 0.099524 0.000000 0.026390 0.985012 -0.170452 15.892100 -0.096424 0.172225 0.980327 0.000000 0.000000 0.000000 0.000000 1.000000
0.994826 -0.008748 0.101218 0.000000 0.025955 0.985109 -0.169958 15.892100 -0.098224 0.171706 0.980239 0.000000 0.000000 0.000000 0.000000 1.000000
0.994725 -0.008717 0.102206 0.000000 0.026424 0.984531 -0.173208 15.892100 -0.099115 0.174995 0.979568 0.000000 0.000000 0.000000 0.000000 1.000000
0.994580 -0.007156 0.103725 0.000000 0.025702 0.983588 -0.178588 15.892100 -0.100745 0.180286 0.978441 0.000000 0.000000 0.000000 0.000000 1.000000
0.994457 -0.005770 0.104990 0.000000 0.024547 0.983643 -0.178450 15.892100 -0.102243 0.180038 0.978332 0.000000 0.000000 0.000000 0.000000 1.000000
0.994383 -0.007612 0.105570 0.000000 0.026121 0.984208 -0.175076 15.892100 -0.102570 0.176850 0.978879 0.000000 0.000000 0.000000 0.000000 1.000000
0.994298 -0.011063 0.106065 0.000000 0.029061 0.985070 -0.169681 15.892100 -0.102604 0.171796 0.979775 0.000000 0.000000 0.000000 0.000000 1.000000
0.994118 -0.014628 0.107314 0.000000 0.032086 0.986134 -0.162820 15.892100 -0.103444 0.165305 0.980802 -0.000000 0.000000 0.000000 0.000000 1.000000
0.993896 -0.018188 0.108809 -0.000000 0.035492 0.986596 -0.159277 15.892100 -0.104453 0.162167 0.981219 0.000000 0.000000 0.000000 0.000000 1.000000
0.993832 -0.019817 0.109107 0.000000 0.037001 0.986777 -0.157807 15.892100 -0.104537 0.160870 0.981424 -0.000000 0.000000 0.000000 0.000000 1.000000
0.993852 -0.018364 0.109183 0.000000 0.035463 0.986994 -0.156798 15.892100 -0.104883 0.159705 0.981577 0.000000 0.000000 0.000000 0.000000 1.000000
0.993885 -0.014910 0.109411 0.000000 0.032317 0.986734 -0.159094 15.892100 -0.105588 0.161656 0.981182 -0.000000 0.000000 0.000000 0.000000 1.000000
0.994012 -0.014056 0.108363 -0.000000 0.031707 0.986127 -0.162938 15.892100 -0.104570 0.165399 0.980667 0.000000 0.000000 0.000000 0.000000 1.000000
0.994184 -0.015228 0.106615 0.000000 0.032582 0.986090 -0.162985 15.892100 -0.102650 0.165511 0.980851 -0.000000 0.000000 0.000000 0.000000 1.000000
0.994256 -0.013870 0.106126 0.000000 0.030854 0.986616 -0.160116 15.892100 -0.102484 0.162470 0.981377 0.000000 0.000000 0.000000 0.000000 1.000000
0.994365 -0.013497 0.105143 -0.000000 0.030134 0.986932 -0.158294 15.892100 -0.101633 0.160571 0.981778 0.000000 0.000000 0.000000 0.000000 1.000000
0.994607 -0.018582 0.102040 -0.000000 0.034643 0.986837 -0.157967 15.892100 -0.097761 0.160650 0.982158 0.000000 0.000000 0.000000 0.000000 1.000000
0.994769 -0.025465 0.098921 0.000000 0.041161 0.986253 -0.160037 15.892100 -0.093486 0.163271 0.982142 0.000000 0.000000 0.000000 0.000000 1.000000
0.994754 -0.030093 0.097769 -0.000000 0.046115 0.985046 -0.166007 15.892100 -0.091312 0.169645 0.981266 0.000000 0.000000 0.000000 0.000000 1.000000
0.994699 -0.032076 0.097698 0.000000 0.048677 0.983788 -0.172600 15.892100 -0.090578 0.176441 0.980135 0.000000 0.000000 0.000000 0.000000 1.000000
0.994679 -0.032993 0.097600 -0.000000 0.049891 0.983104 -0.176120 15.892100 -0.090140 0.180052 0.979518 0.000000 0.000000 0.000000 0.000000 1.000000</float_array>
        <technique_common>
          <accessor source="#mixamorig9_Neck-Matrix-animation-output-transform-array" count="32" stride="16">
            <param type="float4x4"/>
          </accessor>
        </technique_common>
      </source>
      <source id="mixamorig9_Neck-Interpolations">
        <Name_array id="mixamorig9_Neck-Interpolations-array" count="32">
 LINEAR LINEAR LINEAR LINEAR LINEAR LINEAR LINEAR LINEAR LINEAR LINEAR LINEAR
LINEAR LINEAR LINEAR LINEAR LINEAR LINEAR LINEAR LINEAR LINEAR LINEAR LINEAR LINEAR
LINEAR LINEAR LINEAR LINEAR LINEAR LINEAR LINEAR LINEAR LINEAR</Name_array>
        <technique_common>
          <accessor source="#mixamorig9_Neck-Interpolations-array" count="32">
            <param type="name"/>
          </accessor>
        </technique_common>
      </source>
      <sampler id="mixamorig9_Neck-Matrix-animation-transform">
        <input semantic="INPUT" source="#mixamorig9_Neck-Matrix-animation-input"/>
        <input semantic="OUTPUT" source="#mixamorig9_Neck-Matrix-animation-output-transform"/>
        <input semantic="INTERPOLATION" source="#mixamorig9_Neck-Interpolations"/>
      </sampler>
      <channel source="#mixamorig9_Neck-Matrix-animation-transform" target="mixamorig9_Neck/matrix"/>
    </animation>
    <animation id="mixamorig9_Head-anim" name="mixamorig9_Head">
      <source id="mixamorig9_Head-Matrix-animation-input">
        <float_array id="mixamorig9_Head-Matrix-animation-input-array" count="32">

0.000000 0.033333 0.066667 0.100000 0.133333 0.166667 0.200000 0.233333 0.266667 0.300000 0.333333 0.366667 0.400000 0.433333 0.466667 0.500000
0.533333 0.566667 0.600000 0.633333 0.666667 0.700000 0.733333 0.766667 0.800000 0.833333 0.866667 0.900000 0.933333 0.966667 1.000000 1.033333</float_array>
        <technique_common>
          <accessor source="#mixamorig9_Head-Matrix-animation-input-array" count="32">
            <param name="TIME" type="float"/>
          </accessor>
        </technique_common>
      </source>
      <source id="mixamorig9_Head-Matrix-animation-output-transform">
        <float_array id="mixamorig9_Head-Matrix-animation-output-transform-array" count="512">

0.994623 -0.032729 0.098252 0.000000 0.040871 0.995792 -0.082029 6.594300 -0.095154 0.085604 0.991775 1.984900 0.000000 0.000000 0.000000 1.000000
0.994672 -0.031749 0.098080 0.000000 0.039920 0.995791 -0.082501 6.594300 -0.095048 0.085977 0.991753 1.984900 0.000000 0.000000 0.000000 1.000000
0.994812 -0.027104 0.098053 0.000000 0.035218 0.996011 -0.081989 6.594300 -0.095440 0.085017 0.991798 1.984900 0.000000 0.000000 0.000000 1.000000
0.994849 -0.022863 0.098753 -0.000000 0.030739 0.996403 -0.078976 6.594300 -0.096592 0.081604 0.991973 1.984900 0.000000 0.000000 0.000000 1.000000
0.994680 -0.023044 0.100405 0.000000 0.030608 0.996754 -0.074458 6.594300 -0.098364 0.077135 0.992157 1.984900 0.000000 0.000000 0.000000 1.000000
0.994496 -0.022400 0.102352 -0.000000 0.029532 0.997199 -0.068712 6.594300 -0.100526 0.071357 0.992372 1.984900 0.000000 0.000000 0.000000 1.000000
0.994408 -0.021245 0.103446 0.000000 0.028069 0.997492 -0.064970 6.594300 -0.101806 0.067511 0.992511 1.984900 0.000000 0.000000 0.000000 1.000000
0.994400 -0.023494 0.103040 -0.000000 0.030198 0.997494 -0.063990 6.594300 -0.101278 0.066743 0.992617 1.984900 0.000000 0.000000 0.000000 1.000000
0.994571 -0.023466 0.101377 -0.000000 0.030204 0.997398 -0.065456 6.594300 -0.099577 0.068162 0.992692 1.984900 0.000000 0.000000 0.000000 1.000000
0.994778 -0.025019 0.098950 0.000000 0.031606 0.997347 -0.065575 6.594300 -0.097047 0.068360 0.992929 1.984900 0.000000 0.000000 0.000000 1.000000
0.994989 -0.019042 0.098150 0.000000 0.025978 0.997217 -0.069880 6.594300 -0.096546 0.072079 0.992715 1.984900 0.000000 0.000000 0.000000 1.000000
0.994911 -0.010701 0.100183 0.000000 0.018270 0.997021 -0.074936 6.594300 -0.099082 0.076385 0.992143 1.984900 0.000000 0.000000 0.000000 1.000000
0.994747 -0.009282 0.101942 0.000000 0.016984 0.997043 -0.074951 6.594300 -0.100945 0.076288 0.991963 1.984900 0.000000 0.000000 0.000000 1.000000
0.994660 -0.008968 0.102818 -0.000000 0.017112 0.996759 -0.078605 6.594300 -0.101779 0.079945 0.991590 1.984900 0.000000 0.000000 0.000000 1.000000
0.994533 -0.007126 0.104182 0.000000 0.015981 0.996303 -0.084413 6.594300 -0.103196 0.085616 0.990970 1.984900 0.000000 0.000000 0.000000 1.000000
0.994431 -0.005485 0.105248 0.000000 0.014448 0.996312 -0.084585 6.594300 -0.104396 0.085635 0.990842 1.984900 0.000000 0.000000 0.000000 1.000000
0.994368 -0.007081 0.105744 0.000000 0.015744 0.996564 -0.081318 6.594300 -0.104805 0.082524 0.991063 1.984900 0.000000 0.000000 0.000000 1.000000
0.994283 -0.010354 0.106278 0.000000 0.018487 0.996950 -0.075828 6.594300 -0.105168 0.077359 0.991441 1.984900 0.000000 0.000000 0.000000 1.000000
0.994093 -0.013802 0.107653 0.000000 0.021290 0.997408 -0.068726 6.594300 -0.106426 0.070612 0.991810 1.984900 0.000000 0.000000 0.000000 1.000000
0.993850 -0.017403 0.109357 -0.000000 0.024602 0.997593 -0.064825 6.594300 -0.107966 0.067117 0.991886 1.984900 0.000000 0.000000 0.000000 1.000000
0.993780 -0.018994 0.109731 0.000000 0.026051 0.997658 -0.063237 6.594300 -0.108273 0.065703 0.991948 1.984900 0.000000 0.000000 0.000000 1.000000
0.993803 -0.017425 0.109783 0.000000 0.024383 0.997756 -0.062353 6.594300 -0.108450 0.064644 0.991998 1.984900 0.000000 0.000000 0.000000 1.000000
0.993860 -0.013914 0.109766 0.000000 0.021141 0.997664 -0.064955 6.594300 -0.108606 0.066877 0.991833 1.984900 0.000000 0.000000 0.000000 1.000000
0.994009 -0.013080 0.108512 0.000000 0.020668 0.997395 -0.069106 6.594300 -0.107326 0.070935 0.991690 1.984900 0.000000 0.000000 0.000000 1.000000
0.994199 -0.014320 0.106596 -0.000000 0.021802 0.997354 -0.069355 6.594300 -0.105320 0.071276 0.991881 1.984900 0.000000 0.000000 0.000000 1.000000
