<?xml version="1.0" encoding="utf-8"?>
<COLLADA xmlns="http://www.collada.org/2005/11/COLLADASchema" version="1.4.1">
  <asset>
    <contributor>
      <author>Mixamo</author>
      <authoring_tool>COLLADA Mixamo exporter</authoring_tool>
      <comments/>
    </contributor>
    <created>2026-01-24T22:21:10Z</created>
    <modified>2026-01-24T22:21:10Z</modified>
    <revision/>
    <title/>
    <unit meter="0.010000"/>
    <up_axis>Y_UP</up_axis>
  </asset>
  <library_animations>
    <animation id="mixamorig9_Hips-anim" name="mixamorig9_Hips">
      <source id="mixamorig9_Hips-Matrix-animation-input">
        <float_array id="mixamorig9_Hips-Matrix-animation-input-array" count="22">

0.000000 0.033333 0.066667 0.100000 0.133333 0.166667 0.200000 0.233333 0.266667 0.300000 0.333333 0.366667 0.400000 0.433333 0.466667 0.500000
0.533333 0.566667 0.600000 0.633333 0.666667 0.700000</float_array>
        <technique_common>
          <accessor source="#mixamorig9_Hips-Matrix-animation-input-array" count="22">
            <param name="TIME" type="float"/>
          </accessor>
        </technique_common>
      </source>
      <source id="mixamorig9_Hips-Matrix-animation-output-transform">
        <float_array id="mixamorig9_Hips-Matrix-animation-output-transform-array" count="352">

0.951273 0.050960 -0.304110 0.193125 -0.158355 0.926995 -0.340006 82.110435 0.264582 0.371596 0.889895 0.994263 0.000000 0.000000 0.000000 1.000000
0.967875 -0.024707 -0.250216 0.523056 -0.066924 0.933947 -0.351090 83.152420 0.242363 0.356556 0.902290 14.231305 0.000000 0.000000 0.000000 1.000000
0.985561 -0.100526 -0.136248 0.590399 0.040429 0.921122 -0.387170 84.590973 0.164422 0.376071 0.911886 27.848755 0.000000 0.000000 0.000000 1.000000
0.993303 -0.112304 -0.027140 0.554179 0.091403 0.907513 -0.409958 85.823303 0.070669 0.404732 0.911701 41.590736 0.000000 0.000000 0.000000 1.000000
0.996947 -0.061578 0.048003 0.808467 0.075942 0.907582 -0.412950 86.665497 -0.018138 0.415335 0.909488 55.430733 0.000000 0.000000 0.000000 1.000000
0.995735 -0.025580 0.088641 1.135682 0.057868 0.921465 -0.384127 86.476524 -0.071854 0.387618 0.919015 68.908348 0.000000 0.000000 0.000000 1.000000
0.994032 -0.034410 0.103516 1.374338 0.067961 0.937629 -0.340930 85.622314 -0.085329 0.345930 0.934372 82.301231 0.000000 0.000000 0.000000 1.000000
0.993283 -0.051310 0.103714 1.568946 0.081954 0.944703 -0.317520 84.474098 -0.081687 0.323887 0.942563 95.219337 0.000000 0.000000 0.000000 1.000000
0.989401 -0.072608 0.125754 1.863161 0.108631 0.944776 -0.309188 82.614891 -0.096360 0.319572 0.942650 107.056068 0.000000 0.000000 0.000000 1.000000
0.980402 -0.074432 0.182407 1.836208 0.129986 0.940142 -0.315019 81.157410 -0.148041 0.332555 0.931392 118.321220 0.000000 0.000000 0.000000 1.000000
0.969491 -0.009559 0.244941 1.450306 0.090853 0.942084 -0.322836 80.424812 -0.227669 0.335240 0.914211 131.095840 0.000000 0.000000 0.000000 1.000000
0.963235 0.056756 0.262597 1.274707 0.033620 0.944283 -0.327414 81.237946 -0.266549 0.324205 0.907658 145.283356 0.000000 0.000000 0.000000 1.000000
0.973249 0.111603 0.200827 1.338002 -0.035296 0.936349 -0.349292 82.980751 -0.227026 0.332860 0.915239 160.132751 0.000000 0.000000 0.000000 1.000000
0.984921 0.159136 0.067873 1.435482 -0.124236 0.923598 -0.362673 84.557785 -0.120401 0.348772 0.929442 175.093292 0.000000 0.000000 0.000000 1.000000
0.986123 0.157346 -0.052952 1.400802 -0.165710 0.913493 -0.371578 85.863205 -0.010095 0.375196 0.926890 189.857040 0.000000 0.000000 0.000000 1.000000
0.987948 0.118570 -0.099498 1.145793 -0.148019 0.911704 -0.383257 86.929672 0.045270 0.393366 0.918267 204.493256 0.000000 0.000000 0.000000 1.000000
0.990783 0.088341 -0.102690 0.990593 -0.120143 0.923249 -0.364934 86.922020 0.062570 0.373907 0.925353 218.879013 0.000000 0.000000 0.000000 1.000000
0.991505 0.073461 -0.107334 0.924014 -0.106302 0.933198 -0.343281 86.404686 0.074947 0.351775 0.933080 233.790405 0.000000 0.000000 0.000000 1.000000
0.987534 0.078248 -0.136576 0.631562 -0.120132 0.935328 -0.332761 84.837463 0.101706 0.345020 0.933069 248.854218 0.000000 0.000000 0.000000 1.000000
0.973270 0.116301 -0.198037 0.206086 -0.178633 0.925311 -0.334500 82.938049 0.144344 0.360935 0.921353 262.632355 0.000000 0.000000 0.000000 1.000000
0.953916 0.132018 -0.269474 0.059676 -0.225735 0.907380 -0.354549 81.582916 0.197708 0.399040 0.895365 275.623108 0.000000 0.000000 0.000000 1.000000
0.948650 0.080588 -0.305891 0.108008 -0.190925 0.916874 -0.350557 81.492027 0.252213 0.390958 0.885178 290.281647 0.000000 0.000000 0.000000 1.000000</float_array>
        <technique_common>
          <accessor source="#mixamorig9_Hips-Matrix-animation-output-transform-array" count="22" stride="16">
            <param type="float4x4"/>
          </accessor>
        </technique_common>
      </source>
      <source id="mixamorig9_Hips-Interpolations">
        <Name_array id="mixamorig9_Hips-Interpolations-array" count="22">
 LINEAR LINEAR LINEAR LINEAR LINEAR LINEAR LINEAR LINEAR LINEAR LINEAR LINEAR
LINEAR LINEAR LINEAR LINEAR LINEAR LINEAR LINEAR LINEAR LINEAR LINEAR LINEAR</Name_array>
        <technique_common>
          <accessor source="#mixamorig9_Hips-Interpolations-array" count="22">
            <param type="name"/>
          </accessor>
        </technique_common>
      </source>
      <sampler id="mixamorig9_Hips-Matrix-animation-transform">
        <input semantic="INPUT" source="#mixamorig9_Hips-Matrix-animation-input"/>
        <input semantic="OUTPUT" source="#mixamorig9_Hips-Matrix-animation-output-transform"/>
        <input semantic="INTERPOLATION" source="#mixamorig9_Hips-Interpolations"/>
      </sampler>
      <channel source="#mixamorig9_Hips-Matrix-animation-transform" target="mixamorig9_Hips/matrix"/>
    </animation>
    <animation id="mixamorig9_Spine-anim" name="mixamorig9_Spine">
      <source id="mixamorig9_Spine-Matrix-animation-input">
        <float_array id="mixamorig9_Spine-Matrix-animation-input-array" count="22">

0.000000 0.033333 0.066667 0.100000 0.133333 0.166667 0.200000 0.233333 0.266667 0.300000 0.333333 0.366667 0.400000 0.433333 0.466667 0.500000
0.533333 0.566667 0.600000 0.633333 0.666667 0.700000</float_array>
        <technique_common>
          <accessor source="#mixamorig9_Spine-Matrix-animation-input-array" count="22">
            <param name="TIME" type="float"/>
          </accessor>
        </technique_common>
      </source>
      <source id="mixamorig9_Spine-Matrix-animation-output-transform">
        <float_array id="mixamorig9_Spine-Matrix-animation-output-transform-array" count="352">

0.979149 -0.030121 0.200898 0.000000 0.063382 0.984876 -0.161252 10.547000 -0.193002 0.170623 0.966249 -1.004700 0.000000 0.000000 0.000000 1.000000
0.965635 0.051218 0.254806 -0.000000 -0.013278 0.988832 -0.148443 10.547000 -0.259563 0.139959 0.955531 -1.004700 0.000000 0.000000 0.000000 1.000000
0.954697 0.127069 0.269086 -0.000000 -0.098993 0.988361 -0.115509 10.547000 -0.280632 0.083639 0.956164 -1.004700 0.000000 0.000000 0.000000 1.000000
0.954828 0.145821 0.258920 0.000000 -0.129486 0.988417 -0.079155 10.547000 -0.267463 0.042053 0.962650 -1.004700 0.000000 0.000000 0.000000 1.000000
0.967745 0.103312 0.229773 0.000000 -0.095853 0.994448 -0.043423 10.547000 -0.232983 0.019998 0.972275 -1.004700 0.000000 0.000000 0.000000 1.000000
0.979523 0.075388 0.186687 -0.000000 -0.067596 0.996569 -0.047767 10.547000 -0.189648 0.034170 0.981257 -1.004700 0.000000 0.000000 0.000000 1.000000
0.982456 0.093511 0.161356 0.000000 -0.081752 0.993592 -0.078049 10.547000 -0.167620 0.063489 0.983805 -1.004700 0.000000 0.000000 0.000000 1.000000
0.982330 0.122580 0.141426 0.000000 -0.108862 0.988914 -0.100989 10.547000 -0.152237 0.083809 0.984784 -1.004700 0.000000 0.000000 0.000000 1.000000
0.984987 0.149580 0.086179 0.000000 -0.138219 0.982430 -0.125409 10.547000 -0.103423 0.111615 0.988355 -1.004700 0.000000 0.000000 0.000000 1.000000
0.988311 0.152389 -0.004398 0.000000 -0.151396 0.977663 -0.145792 10.547000 -0.017917 0.144753 0.989306 -1.004700 0.000000 0.000000 0.000000 1.000000
0.990700 0.084953 -0.106281 0.000000 -0.099697 0.984812 -0.142144 10.547000 0.092591 0.151418 0.984124 -1.004700 0.000000 0.000000 0.000000 1.000000
0.979676 0.004247 -0.200540 0.000000 -0.032709 0.989776 -0.138826 10.547000 0.197901 0.142564 0.969799 -1.004700 0.000000 0.000000 0.000000 1.000000
0.965633 -0.063617 -0.252005 0.000000 0.033930 0.992140 -0.120447 10.547000 0.257686 0.107757 0.960201 -1.004700 0.000000 0.000000 0.000000 1.000000
0.962051 -0.122234 -0.243959 0.000000 0.098130 0.989223 -0.108670 10.547000 0.254613 0.080606 0.963678 -1.004700 0.000000 0.000000 0.000000 1.000000
0.968987 -0.131555 -0.209182 0.000000 0.113615 0.988911 -0.095634 10.547000 0.219444 0.068902 0.973189 -1.004700 0.000000 0.000000 0.000000 1.000000
0.978563 -0.102170 -0.178819 0.000000 0.089207 0.992866 -0.079109 10.547000 0.185626 0.061461 0.980697 -1.004700 0.000000 0.000000 0.000000 1.000000
0.985641 -0.080467 -0.148450 0.000000 0.065406 0.992456 -0.103693 10.547000 0.155674 0.092495 0.983469 -1.004700 0.000000 0.000000 0.000000 1.000000
0.989822 -0.077892 -0.119100 0.000000 0.062661 0.989963 -0.126677 10.547000 0.127772 0.117925 0.984768 -1.004700 0.000000 0.000000 0.000000 1.000000
0.992493 -0.093837 -0.078442 0.000000 0.082813 0.987569 -0.133599 10.547000 0.090004 0.126100 0.987926 -1.004700 0.000000 0.000000 0.000000 1.000000
0.991405 -0.130809 0.002454 0.000000 0.129739 0.980535 -0.147373 10.547000 0.016871 0.146425 0.989078 -1.004700 0.000000 0.000000 0.000000 1.000000
0.985911 -0.138694 0.093511 0.000000 0.151377 0.977635 -0.145998 10.547000 -0.071170 0.158097 0.984855 -1.004700 0.000000 0.000000 0.000000 1.000000
0.983692 -0.070491 0.165473 0.000000 0.096164 0.983589 -0.152658 10.547000 -0.151997 0.166081 0.974328 -1.004700 0.000000 0.000000 0.000000 1.000000</float_array>
        <technique_common>
          <accessor source="#mixamorig9_Spine-Matrix-animation-output-transform-array" count="22" stride="16">
            <param type="float4x4"/>
          </accessor>
        </technique_common>
      </source>
      <source id="mixamorig9_Spine-Interpolations">
        <Name_array id="mixamorig9_Spine-Interpolations-array" count="22">
 LINEAR LINEAR LINEAR LINEAR LINEAR LINEAR LINEAR LINEAR LINEAR LINEAR LINEAR
LINEAR LINEAR LINEAR LINEAR LINEAR LINEAR LINEAR LINEAR LINEAR LINEAR LINEAR</Name_array>
        <technique_common>
          <accessor source="#mixamorig9_Spine-Interpolations-array" count="22">
            <param type="name"/>
          </accessor>
        </technique_common>
      </source>
      <sampler id="mixamorig9_Spine-Matrix-animation-transform">
        <input semantic="INPUT" source="#mixamorig9_Spine-Matrix-animation-input"/>
        <input semantic="OUTPUT" source="#mixamorig9_Spine-Matrix-animation-output-transform"/>
        <input semantic="INTERPOLATION" source="#mixamorig9_Spine-Interpolations"/>
      </sampler>
      <channel source="#mixamorig9_Spine-Matrix-animation-transform" target="mixamorig9_Spine/matrix"/>
    </animation>
    <animation id="mixamorig9_Spine1-anim" name="mixamorig9_Spine1">
      <source id="mixamorig9_Spine1-Matrix-animation-input">
        <float_array id="mixamorig9_Spine1-Matrix-animation-input-array" count="22">

0.000000 0.033333 0.066667 0.100000 0.133333 0.166667 0.200000 0.233333 0.266667 0.300000 0.333333 0.366667 0.400000 0.433333 0.466667 0.500000
0.533333 0.566667 0.600000 0.633333 0.666667 0.700000</float_array>
        <technique_common>
          <accessor source="#mixamorig9_Spine1-Matrix-animation-input-array" count="22">
            <param name="TIME" type="float"/>
          </accessor>
        </technique_common>
      </source>
      <source id="mixamorig9_Spine1-Matrix-animation-output-transform">
        <float_array id="mixamorig9_Spine1-Matrix-animation-output-transform-array" count="352">

0.998511 -0.017506 0.051667 0.000000 0.018534 0.999638 -0.019494 12.360600 -0.051307 0.020423 0.998474 0.000000 0.000000 0.000000 0.000000 1.000000
0.997445 -0.007468 0.071047 0.000000 0.008540 0.999854 -0.014789 12.360600 -0.070926 0.015358 0.997363 -0.000000 0.000000 0.000000 0.000000 1.000000
0.996854 0.004241 0.079142 0.000000 -0.003362 0.999931 -0.011234 12.360600 -0.079184 0.010933 0.996800 0.000000 0.000000 0.000000 0.000000 1.000000
0.996915 0.013570 0.077313 0.000000 -0.012846 0.999869 -0.009851 12.360600 -0.077436 0.008828 0.996958 0.000000 0.000000 0.000000 0.000000 1.000000
0.997633 0.013683 0.067391 0.000000 -0.013117 0.999875 -0.008838 12.360600 -0.067504 0.007933 0.997687 0.000000 0.000000 0.000000 0.000000 1.000000
0.998478 0.010411 0.054167 -0.000000 -0.009665 0.999855 -0.014020 12.360600 -0.054305 0.013475 0.998433 0.000000 0.000000 0.000000 0.000000 1.000000
0.998808 0.012488 0.047189 0.000000 -0.011248 0.999587 -0.026455 12.360600 -0.047499 0.025893 0.998536 0.000000 0.000000 0.000000 0.000000 1.000000
0.998932 0.018173 0.042483 0.000000 -0.016788 0.999323 -0.032742 12.360600 -0.043049 0.031993 0.998561 0.000000 0.000000 0.000000 0.000000 1.000000
0.999266 0.024876 0.029127 0.000000 -0.023913 0.999171 -0.032953 12.360600 -0.029923 0.032232 0.999032 -0.000000 0.000000 0.000000 0.000000 1.000000
0.999576 0.028470 0.006143 0.000000 -0.028269 0.999132 -0.030597 12.360600 -0.007009 0.030410 0.999513 0.000000 0.000000 0.000000 0.000000 1.000000
0.999500 0.020634 -0.023952 0.000000 -0.021258 0.999432 -0.026131 12.360600 0.023399 0.026627 0.999372 0.000000 0.000000 0.000000 0.000000 1.000000
0.998513 0.010928 -0.053400 -0.000000 -0.012046 0.999714 -0.020651 12.360600 0.053159 0.021263 0.998360 0.000000 0.000000 0.000000 0.000000 1.000000
0.997465 0.004447 -0.071023 -0.000000 -0.005412 0.999896 -0.013392 12.360600 0.070956 0.013743 0.997385 0.000000 0.000000 0.000000 0.000000 1.000000
0.997420 -0.002700 -0.071736 0.000000 0.001710 0.999903 -0.013854 12.360600 0.071767 0.013695 0.997327 0.000000 0.000000 0.000000 0.000000 1.000000
0.998030 -0.007054 -0.062345 0.000000 0.005968 0.999827 -0.017593 12.360600 0.062459 0.017187 0.997900 0.000000 0.000000 0.000000 0.000000 1.000000
0.998590 -0.006216 -0.052715 0.000000 0.005111 0.999765 -0.021076 12.360600 0.052834 0.020777 0.998387 0.000000 0.000000 0.000000 0.000000 1.000000
0.999040 -0.004093 -0.043611 0.000000 0.002995 0.999678 -0.025213 12.360600 0.043700 0.025058 0.998730 0.000000 0.000000 0.000000 0.000000 1.000000
0.999360 -0.005256 -0.035387 0.000000 0.004107 0.999465 -0.032451 12.360600 0.035539 0.032285 0.998847 0.000000 0.000000 0.000000 0.000000 1.000000
0.999649 -0.009545 -0.024707 -0.000000 0.008630 0.999282 -0.036898 12.360600 0.025041 0.036672 0.999014 -0.000000 0.000000 0.000000 0.000000 1.000000
0.999796 -0.019569 -0.005020 0.000000 0.019385 0.999218 -0.034454 12.360600 0.005690 0.034349 0.999394 -0.000000 0.000000 0.000000 0.000000 1.000000
0.999433 -0.028825 0.017424 0.000000 0.029272 0.999233 -0.026011 12.360600 -0.016661 0.026506 0.999510 0.000000 0.000000 0.000000 0.000000 1.000000
0.998949 -0.022862 0.039717 0.000000 0.023701 0.999503 -0.020778 12.360600 -0.039222 0.021698 0.998995 0.000000 0.000000 0.000000 0.000000 1.000000</float_array>
        <technique_common>
          <accessor source="#mixamorig9_Spine1-Matrix-animation-output-transform-array" count="22" stride="16">
            <param type="float4x4"/>
          </accessor>
        </technique_common>
      </source>
      <source id="mixamorig9_Spine1-Interpolations">
        <Name_array id="mixamorig9_Spine1-Interpolations-array" count="22">
 LINEAR LINEAR LINEAR LINEAR LINEAR LINEAR LINEAR LINEAR LINEAR LINEAR LINEAR
LINEAR LINEAR LINEAR LINEAR LINEAR LINEAR LINEAR LINEAR LINEAR LINEAR LINEAR</Name_array>
        <technique_common>
          <accessor source="#mixamorig9_Spine1-Interpolations-array" count="22">
            <param type="name"/>
          </accessor>
        </technique_common>
      </source>
      <sampler id="mixamorig9_Spine1-Matrix-animation-transform">
        <input semantic="INPUT" source="#mixamorig9_Spine1-Matrix-animation-input"/>
        <input semantic="OUTPUT" source="#mixamorig9_Spine1-Matrix-animation-output-transform"/>
        <input semantic="INTERPOLATION" source="#mixamorig9_Spine1-Interpolations"/>
      </sampler>
      <channel source="#mixamorig9_Spine1-Matrix-animation-transform" target="mixamorig9_Spine1/matrix"/>
    </animation>
    <animation id="mixamorig9_Spine2-anim" name="mixamorig9_Spine2">
      <source id="mixamorig9_Spine2-Matrix-animation-input">
        <float_array id="mixamorig9_Spine2-Matrix-animation-input-array" count="22">

0.000000 0.033333 0.066667 0.100000 0.133333 0.166667 0.200000 0.233333 0.266667 0.300000 0.333333 0.366667 0.400000 0.433333 0.466667 0.500000
0.533333 0.566667 0.600000 0.633333 0.666667 0.700000</float_array>
        <technique_common>
          <accessor source="#mixamorig9_Spine2-Matrix-animation-input-array" count="22">
            <param name="TIME" type="float"/>
          </accessor>
        </technique_common>
      </source>
      <source id="mixamorig9_Spine2-Matrix-animation-output-transform">
        <float_array id="mixamorig9_Spine2-Matrix-animation-output-transform-array" count="352">

0.998552 -0.017085 0.051006 0.000000 0.018131 0.999633 -0.020120 14.126300 -0.050643 0.021015 0.998496 0.000000 0.000000 0.000000 0.000000 1.000000
0.997472 -0.007111 0.070710 -0.000000 0.008205 0.999851 -0.015200 14.126300 -0.070591 0.015741 0.997381 0.000000 0.000000 0.000000 0.000000 1.000000
0.996849 0.004408 0.079194 0.000000 -0.003536 0.999932 -0.011154 14.126300 -0.079238 0.010839 0.996797 -0.000000 0.000000 0.000000 0.000000 1.000000
0.996893 0.013798 0.077548 -0.000000 -0.013110 0.999870 -0.009377 14.126300 -0.077667 0.008331 0.996945 0.000000 0.000000 0.000000 0.000000 1.000000
0.997617 0.013895 0.067587 0.000000 -0.013357 0.999875 -0.008407 14.126300 -0.067695 0.007484 0.997678 -0.000000 0.000000 0.000000 0.000000 1.000000
0.998469 0.010814 0.054248 0.000000 -0.010079 0.999854 -0.013797 14.126300 -0.054390 0.013229 0.998432 0.000000 0.000000 0.000000 0.000000 1.000000
0.998802 0.013248 0.047114 0.000000 -0.012020 0.999583 -0.026242 14.126300 -0.047442 0.025645 0.998545 -0.000000 0.000000 0.000000 0.000000 1.000000
0.998920 0.019050 0.042389 0.000000 -0.017683 0.999319 -0.032393 14.126300 -0.042978 0.031608 0.998576 -0.000000 0.000000 0.000000 0.000000 1.000000
0.999244 0.025546 0.029296 -0.000000 -0.024590 0.999168 -0.032538 14.126300 -0.030103 0.031793 0.999041 0.000000 0.000000 0.000000 0.000000 1.000000
0.999563 0.028799 0.006686 -0.000000 -0.028582 0.999127 -0.030476 14.126300 -0.007558 0.030272 0.999513 0.000000 0.000000 0.000000 0.000000 1.000000
0.999514 0.020626 -0.023379 -0.000000 -0.021244 0.999423 -0.026484 14.126300 0.022819 0.026967 0.999376 0.000000 0.000000 0.000000 0.000000 1.000000
0.998536 0.010849 -0.052994 0.000000 -0.011982 0.999705 -0.021112 14.126300 0.052750 0.021716 0.998372 0.000000 0.000000 0.000000 0.000000 1.000000
0.997478 0.004733 -0.070825 0.000000 -0.005717 0.999890 -0.013689 14.126300 0.070752 0.014059 0.997395 -0.000000 0.000000 0.000000 0.000000 1.000000
0.997420 -0.002314 -0.071749 0.000000 0.001321 0.999903 -0.013881 14.126300 0.071774 0.013751 0.997326 -0.000000 0.000000 0.000000 0.000000 1.000000
0.998033 -0.007030 -0.062299 -0.000000 0.005947 0.999829 -0.017537 14.126300 0.062412 0.017132 0.997903 -0.000000 0.000000 0.000000 0.000000 1.000000
0.998595 -0.006108 -0.052645 0.000000 0.005006 0.999766 -0.021047 14.126300 0.052761 0.020754 0.998391 0.000000 0.000000 0.000000 0.000000 1.000000
0.999045 -0.004032 -0.043504 0.000000 0.002936 0.999677 -0.025228 14.126300 0.043591 0.025076 0.998735 0.000000 0.000000 0.000000 0.000000 1.000000
0.999364 -0.005292 -0.035258 0.000000 0.004148 0.999465 -0.032436 14.126300 0.035411 0.032270 0.998852 0.000000 0.000000 0.000000 0.000000 1.000000
0.999652 -0.009522 -0.024609 0.000000 0.008612 0.999285 -0.036809 14.126300 0.024942 0.036584 0.999019 -0.000000 0.000000 0.000000 0.000000 1.000000
0.999801 -0.019263 -0.005264 0.000000 0.019071 0.999227 -0.034376 14.126300 0.005922 0.034268 0.999395 0.000000 0.000000 0.000000 0.000000 1.000000
0.999460 -0.028376 0.016596 0.000000 0.028807 0.999239 -0.026297 14.126300 -0.015837 0.026761 0.999516 0.000000 0.000000 0.000000 0.000000 1.000000
0.998992 -0.022421 0.038885 0.000000 0.023265 0.999501 -0.021388 14.126300 -0.038386 0.022271 0.999015 0.000000 0.000000 0.000000 0.000000 1.000000</float_array>
        <technique_common>
          <accessor source="#mixamorig9_Spine2-Matrix-animation-output-transform-array" count="22" stride="16">
            <param type="float4x4"/>
          </accessor>
        </technique_common>
      </source>
      <source id="mixamorig9_Spine2-Interpolations">
        <Name_array id="mixamorig9_Spine2-Interpolations-array" count="22">
 LINEAR LINEAR LINEAR LINEAR LINEAR LINEAR LINEAR LINEAR LINEAR LINEAR LINEAR
LINEAR LINEAR LINEAR LINEAR LINEAR LINEAR LINEAR LINEAR LINEAR LINEAR LINEAR</Name_array>
        <technique_common>
          <accessor source="#mixamorig9_Spine2-Interpolations-array" count="22">
            <param type="name"/>
          </accessor>
        </technique_common>
      </source>
      <sampler id="mixamorig9_Spine2-Matrix-animation-transform">
        <input semantic="INPUT" source="#mixamorig9_Spine2-Matrix-animation-input"/>
        <input semantic="OUTPUT" source="#mixamorig9_Spine2-Matrix-animation-output-transform"/>
        <input semantic="INTERPOLATION" source="#mixamorig9_Spine2-Interpolations"/>
      </sampler>
      <channel source="#mixamorig9_Spine2-Matrix-animation-transform" target="mixamorig9_Spine2/matrix"/>
    </animation>
    <animation id="mixamorig9_Neck-anim" name="mixamorig9_Neck">
      <source id="mixamorig9_Neck-Matrix-animation-input">
        <float_array id="mixamorig9_Neck-Matrix-animation-input-array" count="22">

0.000000 0.033333 0.066667 0.100000 0.133333 0.166667 0.200000 0.233333 0.266667 0.300000 0.333333 0.366667 0.400000 0.433333 0.466667 0.500000
0.533333 0.566667 0.600000 0.633333 0.666667 0.700000</float_array>
        <technique_common>
          <accessor source="#mixamorig9_Neck-Matrix-animation-input-array" count="22">
            <param name="TIME" type="float"/>
          </accessor>
        </technique_common>
      </source>
      <source id="mixamorig9_Neck-Matrix-animation-output-transform">
        <float_array id="mixamorig9_Neck-Matrix-animation-output-transform-array" count="352">

0.999269 -0.023759 -0.029938 -0.000000 0.024778 0.999110 0.034124 15.892100 0.029100 -0.034841 0.998969 0.000000 0.000000 0.000000 0.000000 1.000000
0.999033 -0.012324 -0.042204 0.000000 0.013857 0.999248 0.036223 15.892100 0.041725 -0.036773 0.998452 0.000000 0.000000 0.000000 0.000000 1.000000
0.998700 0.000662 -0.050968 -0.000000 0.001213 0.999323 0.036760 15.892100 0.050957 -0.036774 0.998024 0.000000 0.000000 0.000000 0.000000 1.000000
0.998276 0.003196 -0.058612 0.000000 -0.001242 0.999443 0.033350 15.892100 0.058685 -0.033220 0.997724 0.000000 0.000000 0.000000 0.000000 1.000000
0.998036 -0.001651 -0.062617 -0.000000 0.003270 0.999663 0.025762 15.892100 0.062553 -0.025916 0.997705 0.000000 0.000000 0.000000 0.000000 1.000000
0.998154 -0.005047 -0.060526 0.000000 0.006103 0.999832 0.017283 15.892100 0.060428 -0.017620 0.998017 0.000000 0.000000 0.000000 0.000000 1.000000
0.998259 -0.008017 -0.058439 0.000000 0.008653 0.999906 0.010629 15.892100 0.058348 -0.011116 0.998234 -0.000000 0.000000 0.000000 0.000000 1.000000
0.998379 -0.010876 -0.055874 0.000000 0.011253 0.999916 0.006422 15.892100 0.055799 -0.007040 0.998417 0.000000 0.000000 0.000000 0.000000 1.000000
0.998691 -0.009963 -0.050175 0.000000 0.010317 0.999924 0.006800 15.892100 0.050103 -0.007309 0.998717 -0.000000 0.000000 0.000000 0.000000 1.000000
0.998967 -0.010792 -0.044131 0.000000 0.011482 0.999815 0.015418 15.892100 0.043957 -0.015909 0.998907 -0.000000 0.000000 0.000000 0.000000 1.000000
0.999263 -0.015308 -0.035197 0.000000 0.016009 0.999677 0.019717 15.892100 0.034884 -0.020266 0.999186 0.000000 0.000000 0.000000 0.000000 1.000000
0.999525 -0.021990 -0.021594 -0.000000 0.022406 0.999564 0.019243 15.892100 0.021161 -0.019718 0.999582 0.000000 0.000000 0.000000 0.000000 1.000000
0.999439 -0.032003 -0.009862 0.000000 0.032166 0.999340 0.016896 15.892100 0.009315 -0.017204 0.999809 0.000000 0.000000 0.000000 0.000000 1.000000
0.999142 -0.041284 -0.003155 0.000000 0.041324 0.999047 0.014045 15.892100 0.002572 -0.014163 0.999896 0.000000 0.000000 0.000000 0.000000 1.000000
0.999051 -0.043552 0.000816 0.000000 0.043534 0.998927 0.015791 15.892100 -0.001503 -0.015740 0.999875 0.000000 0.000000 0.000000 0.000000 1.000000
0.999224 -0.039269 0.003013 0.000000 0.039213 0.999091 0.016743 15.892100 -0.003668 -0.016612 0.999855 0.000000 0.000000 0.000000 0.000000 1.000000
0.999468 -0.032559 0.002008 -0.000000 0.032531 0.999391 0.012653 15.892100 -0.002419 -0.012581 0.999918 0.000000 0.000000 0.000000 0.000000 1.000000
0.999688 -0.024977 -0.000311 -0.000000 0.024979 0.999638 0.010006 15.892100 0.000061 -0.010010 0.999950 -0.000000 0.000000 0.000000 0.000000 1.000000
0.999746 -0.022170 -0.004149 -0.000000 0.022222 0.999671 0.012810 15.892100 0.003864 -0.012899 0.999909 0.000000 0.000000 0.000000 0.000000 1.000000
0.999666 -0.023616 -0.010492 0.000000 0.023814 0.999533 0.019149 15.892100 0.010035 -0.019393 0.999762 0.000000 0.000000 0.000000 0.000000 1.000000
0.999631 -0.022559 -0.015110 0.000000 0.022947 0.999398 0.026025 15.892100 0.014514 -0.026362 0.999547 0.000000 0.000000 0.000000 0.000000 1.000000
0.999417 -0.024771 -0.023503 0.000000 0.025509 0.999173 0.031656 15.892100 0.022699 -0.032238 0.999222 -0.000000 0.000000 0.000000 0.000000 1.000000</float_array>
        <technique_common>
          <accessor source="#mixamorig9_Neck-Matrix-animation-output-transform-array" count="22" stride="16">
            <param type="float4x4"/>
          </accessor>
        </technique_common>
      </source>
      <source id="mixamorig9_Neck-Interpolations">
        <Name_array id="mixamorig9_Neck-Interpolations-array" count="22">
 LINEAR LINEAR LINEAR LINEAR LINEAR LINEAR LINEAR LINEAR LINEAR LINEAR LINEAR
LINEAR LINEAR LINEAR LINEAR LINEAR LINEAR LINEAR LINEAR LINEAR LINEAR LINEAR</Name_array>
        <technique_common>
          <accessor source="#mixamorig9_Neck-Interpolations-array" count="22">
            <param type="name"/>
          </accessor>
        </technique_common>
      </source>
      <sampler id="mixamorig9_Neck-Matrix-animation-transform">
        <input semantic="INPUT" source="#mixamorig9_Neck-Matrix-animation-input"/>
        <input semantic="OUTPUT" source="#mixamorig9_Neck-Matrix-animation-output-transform"/>
        <input semantic="INTERPOLATION" source="#mixamorig9_Neck-Interpolations"/>
      </sampler>
      <channel source="#mixamorig9_Neck-Matrix-animation-transform" target="mixamorig9_Neck/matrix"/>
    </animation>
    <animation id="mixamorig9_Head-anim" name="mixamorig9_Head">
      <source id="mixamorig9_Head-Matrix-animation-input">
        <float_array id="mixamorig9_Head-Matrix-animation-input-array" count="22">

0.000000 0.033333 0.066667 0.100000 0.133333 0.166667 0.200000 0.233333 0.266667 0.300000 0.333333 0.366667 0.400000 0.433333 0.466667 0.500000
0.533333 0.566667 0.600000 0.633333 0.666667 0.700000</float_array>
        <technique_common>
          <accessor source="#mixamorig9_Head-Matrix-animation-input-array" count="22">
            <param name="TIME" type="float"/>
          </accessor>
        </technique_common>
      </source>
      <source id="mixamorig9_Head-Matrix-animation-output-transform">
        <float_array id="mixamorig9_Head-Matrix-animation-output-transform-array" count="352">

0.999297 -0.020331 -0.031501 0.000000 0.024218 0.991428 0.128391 6.594300 0.028621 -0.129064 0.991223 1.984900 0.000000 0.000000 0.000000 1.000000
0.998977 -0.008724 -0.044380 0.000000 0.014445 0.991374 0.130268 6.594300 0.042861 -0.130776 0.990485 1.984900 0.000000 0.000000 0.000000 1.000000
0.998540 0.004310 -0.053838 0.000000 0.002753 0.991453 0.130436 6.594300 0.053940 -0.130394 0.989994 1.984900 0.000000 0.000000 0.000000 1.000000
0.998092 0.006695 -0.061381 0.000000 0.001152 0.991912 0.126926 6.594300 0.061735 -0.126754 0.990011 1.984900 0.000000 0.000000 0.000000 1.000000
0.997893 0.001552 -0.064861 0.000000 0.006228 0.992807 0.119564 6.594300 0.064580 -0.119716 0.990706 1.984900 0.000000 0.000000 0.000000 1.000000
0.998036 -0.002131 -0.062601 -0.000000 0.009102 0.993748 0.111276 6.594300 0.061973 -0.111627 0.991816 1.984900 0.000000 0.000000 0.000000 1.000000
0.998150 -0.005220 -0.060572 0.000000 0.011553 0.994439 0.104681 6.594300 0.059689 -0.105187 0.992659 1.984900 0.000000 0.000000 0.000000 1.000000
0.998282 -0.008157 -0.058029 0.000000 0.013972 0.994836 0.100533 6.594300 0.056910 -0.101171 0.993240 1.984900 0.000000 0.000000 0.000000 1.000000
0.998599 -0.007402 -0.052387 0.000000 0.012672 0.994806 0.100994 6.594300 0.051367 -0.101516 0.993507 1.984900 0.000000 0.000000 0.000000 1.000000
0.998887 -0.008473 -0.046402 0.000000 0.013525 0.993874 0.109684 6.594300 0.045188 -0.110190 0.992883 1.984900 0.000000 0.000000 0.000000 1.000000
0.999217 -0.013332 -0.037260 0.000000 0.017507 0.993317 0.114078 6.594300 0.035490 -0.114641 0.992773 1.984900 0.000000 0.000000 0.000000 1.000000
0.999523 -0.020216 -0.023357 0.000000 0.022745 0.993265 0.113612 6.594300 0.020903 -0.114089 0.993251 1.984900 0.000000 0.000000 0.000000 1.000000
0.999481 -0.030213 -0.011142 0.000000 0.031265 0.993323 0.111048 6.594300 0.007713 -0.111339 0.993753 1.984900 0.000000 0.000000 0.000000 1.000000
0.999217 -0.039368 -0.003934 0.000000 0.039563 0.993376 0.107880 6.594300 -0.000339 -0.107951 0.994156 1.984900 0.000000 0.000000 0.000000 1.000000
0.999134 -0.041606 0.000068 0.000000 0.041348 0.993122 0.109542 6.594300 -0.004625 -0.109445 0.993982 1.984900 0.000000 0.000000 0.000000 1.000000
0.999305 -0.037232 0.002000 0.000000 0.036782 0.993178 0.110657 6.594300 -0.006106 -0.110506 0.993857 1.984900 0.000000 0.000000 0.000000 1.000000
0.999541 -0.030291 0.000780 0.000000 0.030035 0.993830 0.106770 6.594300 -0.004009 -0.106698 0.994283 1.984900 0.000000 0.000000 0.000000 1.000000
0.999743 -0.022608 -0.001692 -0.000000 0.022661 0.994292 0.104255 6.594300 -0.000675 -0.104266 0.994549 1.984900 0.000000 0.000000 0.000000 1.000000
0.999789 -0.019762 -0.005520 0.000000 0.020239 0.994046 0.107067 6.594300 0.003371 -0.107156 0.994237 1.984900 0.000000 0.000000 0.000000 1.000000
0.999711 -0.020961 -0.011750 0.000000 0.022159 0.993305 0.113376 6.594300 0.009295 -0.113604 0.993483 1.984900 0.000000 0.000000 0.000000 1.000000
0.999674 -0.019538 -0.016448 -0.000000 0.021377 0.992511 0.120271 6.594300 0.013975 -0.120583 0.992605 1.984900 0.000000 0.000000 0.000000 1.000000
0.999457 -0.021450 -0.024992 -0.000000 0.024434 0.991737 0.125940 6.594300 0.022084 -0.126482 0.991723 1.984900 0.000000 0.000000 0.000000 1.000000</float_array>
        <technique_common>
          <accessor source="#mixamorig9_Head-Matrix-animation-output-transform-array" count="22" stride="16">
            <param type="float4x4"/>
          </accessor>
        </technique_common>
      </source>
      <source id="mixamorig9_Head-Interpolations">
        <Name_array id="mixamorig9_Head-Interpolations-array" count="22">
 LINEAR LINEAR LINEAR LINEAR LINEAR LINEAR LINEAR LINEAR LINEAR LINEAR LINEAR
LINEAR LINEAR LINEAR LINEAR LINEAR LINEAR LINEAR LINEAR LINEAR LINEAR LINEAR</Name_array>
        <technique_common>
          <accessor source="#mixamorig9_Head-Interpolations-array" count="22">
            <param type="name"/>
          </accessor>
        </technique_common>
      </source>
      <sampler id="mixamorig9_Head-Matrix-animation-transform">
        <input semantic="INPUT" source="#mixamorig9_Head-Matrix-animation-input"/>
        <input semantic="OUTPUT" source="#mixamorig9_Head-Matrix-animation-output-transform"/>
        <input semantic="INTERPOLATION" source="#mixamorig9_Head-Interpolations"/>
      </sampler>
      <channel source="#mixamorig9_Head-Matrix-animation-transform" target="mixamorig9_Head/matrix"/>
    </animation>
    <animation id="mixamorig9_LeftShoulder-anim" name="mixamorig9_LeftShoulder">
      <source id="mixamorig9_LeftShoulder-Matrix-animation-input">
        <float_array id="mixamorig9_LeftShoulder-Matrix-animation-input-array" count="22">

0.000000 0.033333 0.066667 0.100000 0.133333 0.166667 0.200000 0.233333 0.266667 0.300000 0.333333 0.366667 0.400000 0.433333 0.466667 0.500000
0.533333 0.566667 0.600000 0.633333 0.666667 0.700000</float_array>
        <technique_common>
          <accessor source="#mixamorig9_LeftShoulder-Matrix-animation-input-array" count="22">
            <param name="TIME" type="float"/>
          </accessor>
        </technique_common>
      </source>
      <source id="mixamorig9_LeftShoulder-Matrix-animation-output-transform">
        <float_array id="mixamorig9_LeftShoulder-Matrix-animation-output-transform-array" count="352">

-0.098775 0.890888 -0.443353 6.914500 0.019942 -0.443670 -0.895968 14.070500 -0.994910 -0.097340 0.026057 -0.180100 0.000000 0.000000 0.000000 1.000000
-0.102241 0.905831 -0.411116 6.914500 0.016411 -0.411689 -0.911177 14.070500 -0.994624 -0.099907 0.027226 -0.180100 0.000000 0.000000 0.000000 1.000000
-0.046218 0.915042 -0.400701 6.914500 0.015162 -0.400441 -0.916197 14.070500 -0.998816 -0.048420 0.004634 -0.180100 0.000000 0.000000 0.000000 1.000000
-0.016726 0.916029 -0.400763 6.914500 0.015149 -0.400540 -0.916154 14.070500 -0.999745 -0.021394 -0.007178 -0.180100 0.000000 0.000000 0.000000 1.000000
-0.018606 0.910001 -0.414189 6.914500 0.015992 -0.413937 -0.910165 14.070500 -0.999699 -0.023558 -0.006851 -0.180100 0.000000 0.000000 0.000000 1.000000
-0.029839 0.892131 -0.450790 6.914500 0.018644 -0.450416 -0.892624 14.070500 -0.999381 -0.035039 -0.003193 -0.180100 0.000000 0.000000 0.000000 1.000000
-0.021676 0.868485 -0.495241 6.914500 0.021373 -0.494841 -0.868721 14.070500 -0.999537 -0.029415 -0.007836 -0.180100 0.000000 0.000000 0.000000 1.000000
-0.009042 0.845992 -0.533119 6.914500 0.023019 -0.532824 -0.845913 14.070500 -0.999694 -0.019921 -0.014657 -0.180100 0.000000 0.000000 0.000000 1.000000
0.004253 0.817273 -0.576235 6.914500 0.024352 -0.576154 -0.816978 14.070500 -0.999694 -0.010558 -0.022353 -0.180100 0.000000 0.000000 0.000000 1.000000
0.051775 0.812257 -0.580998 6.914500 0.019476 -0.582489 -0.812605 14.070500 -0.998469 0.030757 -0.045978 -0.180100 0.000000 0.000000 0.000000 1.000000
0.105967 0.839460 -0.532989 6.914500 0.013779 -0.537195 -0.843345 14.070500 -0.994274 0.082023 -0.068491 -0.180100 0.000000 0.000000 0.000000 1.000000
0.107680 0.869150 -0.482683 6.914500 0.013910 -0.486776 -0.873416 14.070500 -0.994088 0.087335 -0.064506 -0.180100 0.000000 0.000000 0.000000 1.000000
0.074721 0.893994 -0.441805 6.914500 0.015089 -0.444006 -0.895897 14.070500 -0.997090 0.060276 -0.046666 -0.180100 0.000000 0.000000 0.000000 1.000000
0.027509 0.909263 -0.415311 6.914500 0.015368 -0.415804 -0.909324 14.070500 -0.999503 0.018632 -0.025412 -0.180100 0.000000 0.000000 0.000000 1.000000
-0.020045 0.909307 -0.415642 6.914500 0.015931 -0.415383 -0.909507 14.070500 -0.999672 -0.024852 -0.006160 -0.180100 0.000000 0.000000 0.000000 1.000000
-0.022295 0.900397 -0.434498 6.914500 0.017079 -0.434199 -0.900655 14.070500 -0.999606 -0.027501 -0.005698 -0.180100 0.000000 0.000000 0.000000 1.000000
0.016420 0.890177 -0.455319 6.914500 0.016927 -0.455562 -0.890043 14.070500 -0.999722 0.006907 -0.022548 -0.180100 0.000000 0.000000 0.000000 1.000000
0.025849 0.876765 -0.480224 6.914500 0.017337 -0.480705 -0.876711 14.070500 -0.999515 0.014337 -0.027627 -0.180100 0.000000 0.000000 0.000000 1.000000
-0.009586 0.864572 -0.502418 6.914500 0.020218 -0.502171 -0.864532 14.070500 -0.999750 -0.018445 -0.012666 -0.180100 0.000000 0.000000 0.000000 1.000000
-0.035613 0.865324 -0.499947 6.914500 0.021646 -0.499479 -0.866056 14.070500 -0.999131 -0.041665 -0.000943 -0.180100 0.000000 0.000000 0.000000 1.000000
-0.058463 0.875396 -0.479859 6.914500 0.021457 -0.479468 -0.877297 14.070500 -0.998059 -0.061586 0.009248 -0.180100 0.000000 0.000000 0.000000 1.000000
-0.092428 0.885052 -0.456224 6.914500 0.020964 -0.456354 -0.889552 14.070500 -0.995499 -0.091784 0.023625 -0.180100 0.000000 0.000000 0.000000 1.000000</float_array>
        <technique_common>
          <accessor source="#mixamorig9_LeftShoulder-Matrix-animation-output-transform-array" count="22" stride="16">
            <param type="float4x4"/>
          </accessor>
        </technique_common>
      </source>
      <source id="mixamorig9_LeftShoulder-Interpolations">
        <Name_array id="mixamorig9_LeftShoulder-Interpolations-array" count="22">
 LINEAR LINEAR LINEAR LINEAR LINEAR LINEAR LINEAR LINEAR LINEAR LINEAR LINEAR
LINEAR LINEAR LINEAR LINEAR LINEAR LINEAR LINEAR LINEAR LINEAR LINEAR LINEAR</Name_array>
        <technique_common>
          <accessor source="#mixamorig9_LeftShoulder-Interpolations-array" count="22">
            <param type="name"/>
          </accessor>
        </technique_common>
      </source>
      <sampler id="mixamorig9_LeftShoulder-Matrix-animation-transform">
        <input semantic="INPUT" source="#mixamorig9_LeftShoulder-Matrix-animation-input"/>
        <input semantic="OUTPUT" source="#mixamorig9_LeftShoulder-Matrix-animation-output-transform"/>
        <input semantic="INTERPOLATION" source="#mixamorig9_LeftShoulder-Interpolations"/>
      </sampler>
      <channel source="#mixamorig9_LeftShoulder-Matrix-animation-transform" target="mixamorig9_LeftShoulder/matrix"/>
    </animation>
    <animation id="mixamorig9_LeftArm-anim" name="mixamorig9_LeftArm">
      <source id="mixamorig9_LeftArm-Matrix-animation-input">
        <float_array id="mixamorig9_LeftArm-Matrix-animation-input-array" count="22">

0.000000 0.033333 0.066667 0.100000 0.133333 0.166667 0.200000 0.233333 0.266667 0.300000 0.333333 0.366667 0.400000 0.433333 0.466667 0.500000
0.533333 0.566667 0.600000 0.633333 0.666667 0.700000</float_array>
        <technique_common>
          <accessor source="#mixamorig9_LeftArm-Matrix-animation-input-array" count="22">
            <param name="TIME" type="float"/>
          </accessor>
        </technique_common>
      </source>
      <source id="mixamorig9_LeftArm-Matrix-animation-output-transform">
        <float_array id="mixamorig9_LeftArm-Matrix-animation-output-transform-array" count="352">

0.662945 0.744666 0.077309 0.000000 -0.489317 0.509128 -0.708066 14.454600 -0.566632 0.431580 0.701902 0.000000 0.000000 0.000000 0.000000 1.000000
0.525744 0.838573 0.142791 -0.000000 -0.593289 0.481776 -0.644904 14.454600 -0.609592 0.254338 0.750806 -0.000000 0.000000 0.000000 0.000000 1.000000
0.418489 0.882736 0.213644 0.000000 -0.687605 0.461624 -0.560449 14.454600 -0.593351 0.087639 0.800158 -0.000000 0.000000 0.000000 0.000000 1.000000
0.382581 0.874464 0.298236 0.000000 -0.707463 0.484880 -0.514185 14.454600 -0.594245 -0.014273 0.804157 -0.000000 0.000000 0.000000 0.000000 1.000000
0.426932 0.845899 0.319662 0.000000 -0.666710 0.533264 -0.520698 14.454600 -0.610923 0.009181 0.791637 0.000000 0.000000 0.000000 0.000000 1.000000
0.529886 0.794801 0.295824 -0.000000 -0.594758 0.596932 -0.538456 14.454600 -0.604553 0.109376 0.789020 0.000000 0.000000 0.000000 0.000000 1.000000
0.700304 0.661362 0.268652 0.000000 -0.462246 0.706924 -0.535339 14.454600 -0.543969 0.250717 0.800774 0.000000 0.000000 0.000000 0.000000 1.000000
0.881853 0.399954 0.249744 0.000000 -0.223581 0.821001 -0.525327 14.454600 -0.415146 0.407424 0.813424 0.000000 0.000000 0.000000 0.000000 1.000000
