<?xml version="1.0" encoding="utf-8"?>
<COLLADA xmlns="http://www.collada.org/2005/11/COLLADASchema" version="1.4.1">
  <asset>
    <contributor>
      <author>Mixamo</author>
      <authoring_tool>COLLADA Mixamo exporter</authoring_tool>
      <comments/>
    </contributor>
    <created>2026-01-11T04:42:03Z</created>
    <modified>2026-01-11T04:42:03Z</modified>
    <revision/>
    <title/>
    <unit meter="0.010000"/>
    <up_axis>Y_UP</up_axis>
  </asset>
  <library_animations>
    <animation id="mixamorig9_Hips-anim" name="mixamorig9_Hips">
      <source id="mixamorig9_Hips-Matrix-animation-input">
        <float_array id="mixamorig9_Hips-Matrix-animation-input-array" count="32">

0.000000 0.033333 0.066667 0.100000 0.133333 0.166667 0.200000 0.233333 0.266667 0.300000 0.333333 0.366667 0.400000 0.433333 0.466667 0.500000
0.533333 0.566667 0.600000 0.633333 0.666667 0.700000 0.733333 0.766667 0.800000 0.833333 0.866667 0.900000 0.933333 0.966667 1.000000 1.033333</float_array>
        <technique_common>
          <accessor source="#mixamorig9_Hips-Matrix-animation-input-array" count="32">
            <param name="TIME" type="float"/>
          </accessor>
        </technique_common>
      </source>
      <source id="mixamorig9_Hips-Matrix-animation-output-transform">
        <float_array id="mixamorig9_Hips-Matrix-animation-output-transform-array" count="512">

0.999398 -0.008956 0.033515 -0.025709 0.010090 0.999377 -0.033831 95.514610 -0.033191 0.034149 0.998865 -0.001342 0.000000 0.000000 0.000000 1.000000
0.999631 -0.011237 0.024741 0.121138 0.012325 0.998945 -0.044239 95.956650 -0.024218 0.044527 0.998715 4.579382 0.000000 0.000000 0.000000 1.000000
0.999899 -0.003412 0.013779 0.344056 0.004172 0.998449 -0.055510 95.651543 -0.013568 0.055562 0.998363 9.218874 0.000000 0.000000 0.000000 1.000000
0.999704 0.023291 -0.007017 0.643924 -0.023689 0.997712 -0.063314 94.648544 0.005526 0.063462 0.997969 14.044850 0.000000 0.000000 0.000000 1.000000
0.998225 0.048885 -0.034020 0.914375 -0.051051 0.996511 -0.066028 93.158524 0.030674 0.067647 0.997238 19.147175 0.000000 0.000000 0.000000 1.000000
0.996882 0.058137 -0.053351 1.184421 -0.061754 0.995712 -0.068873 91.570068 0.049118 0.071953 0.996198 24.324879 0.000000 0.000000 0.000000 1.000000
0.996384 0.056108 -0.063796 1.512407 -0.060499 0.995773 -0.069111 90.307816 0.059649 0.072721 0.995567 29.481646 0.000000 0.000000 0.000000 1.000000
0.997340 0.042448 -0.059261 1.920853 -0.045592 0.997567 -0.052741 89.370636 0.056878 0.055303 0.996848 35.208862 0.000000 0.000000 0.000000 1.000000
0.998261 0.033243 -0.048689 2.525923 -0.035201 0.998582 -0.039930 88.900597 0.047293 0.041574 0.998016 41.530804 0.000000 0.000000 0.000000 1.000000
0.998955 0.026011 -0.037587 3.207792 -0.027085 0.999231 -0.028344 88.794037 0.036821 0.029333 0.998891 47.695412 0.000000 0.000000 0.000000 1.000000
0.999455 0.020482 -0.025904 3.843915 -0.020952 0.999618 -0.018027 88.872208 0.025525 0.018560 0.999502 53.466873 0.000000 0.000000 0.000000 1.000000
0.999783 0.015980 -0.013350 4.432802 -0.016101 0.999830 -0.009014 89.175774 0.013203 0.009227 0.999870 58.823032 0.000000 0.000000 0.000000 1.000000
0.999927 0.012076 -0.000254 4.861301 -0.012077 0.999926 -0.001321 89.873993 0.000238 0.001324 0.999999 63.836845 0.000000 0.000000 0.000000 1.000000
0.999880 0.008166 0.013178 4.997637 -0.008233 0.999953 0.005041 91.072762 -0.013136 -0.005149 0.999900 68.587936 0.000000 0.000000 0.000000 1.000000
0.999633 0.004086 0.026775 4.877181 -0.004357 0.999940 0.010072 92.413887 -0.026732 -0.010185 0.999591 73.207260 0.000000 0.000000 0.000000 1.000000
0.999179 -0.000184 0.040511 4.561065 -0.000375 0.999905 0.013782 93.541351 -0.040510 -0.013786 0.999084 77.974945 0.000000 0.000000 0.000000 1.000000
0.998525 -0.004360 0.054119 4.260132 0.003618 0.999898 0.013798 94.428680 -0.054174 -0.013582 0.998439 82.873459 0.000000 0.000000 0.000000 1.000000
0.997734 -0.008523 0.066747 3.991853 0.007911 0.999924 0.009427 94.784660 -0.066823 -0.008877 0.997725 87.733528 0.000000 0.000000 0.000000 1.000000
0.996835 -0.013580 0.078328 3.697608 0.013653 0.999907 -0.000388 94.536331 -0.078315 0.001456 0.996928 92.609360 0.000000 0.000000 0.000000 1.000000
0.994902 -0.031837 0.095684 3.294011 0.033232 0.999363 -0.013017 93.846687 -0.095209 0.016130 0.995327 97.712631 0.000000 0.000000 0.000000 1.000000
0.992147 -0.048808 0.115165 2.875533 0.052210 0.998279 -0.026707 92.669540 -0.113663 0.032510 0.992987 103.051659 0.000000 0.000000 0.000000 1.000000
0.990233 -0.057940 0.126811 2.466680 0.063770 0.997063 -0.042401 91.313652 -0.123982 0.050073 0.991020 108.294670 0.000000 0.000000 0.000000 1.000000
0.990419 -0.053246 0.127421 1.962906 0.059409 0.997216 -0.045064 90.074440 -0.124666 0.052203 0.990825 113.701126 0.000000 0.000000 0.000000 1.000000
0.992693 -0.032611 0.116175 1.378292 0.036415 0.998863 -0.030778 89.224503 -0.115039 0.034783 0.992752 119.579681 0.000000 0.000000 0.000000 1.000000
0.994413 -0.019203 0.103800 0.752882 0.022052 0.999409 -0.026376 88.879662 -0.103232 0.028518 0.994248 125.569527 0.000000 0.000000 0.000000 1.000000
0.995663 -0.012473 0.092191 0.116321 0.014863 0.999570 -0.025289 88.870003 -0.091836 0.026549 0.995420 131.350998 0.000000 0.000000 0.000000 1.000000
0.996674 -0.009434 0.080947 -0.555338 0.011638 0.999573 -0.026795 89.358505 -0.080660 0.027648 0.996358 136.671814 0.000000 0.000000 0.000000 1.000000
0.997492 -0.008699 0.070243 -1.051813 0.010815 0.999497 -0.029802 90.209717 -0.069948 0.030487 0.997085 141.302765 0.000000 0.000000 0.000000 1.000000
0.998146 -0.008962 0.060198 -1.141105 0.010974 0.999389 -0.033181 91.460182 -0.059864 0.033780 0.997635 145.632263 0.000000 0.000000 0.000000 1.000000
0.998665 -0.009412 0.050786 -0.862720 0.011237 0.999297 -0.035771 92.955574 -0.050413 0.036294 0.998069 149.963501 0.000000 0.000000 0.000000 1.000000
0.999074 -0.009738 0.041907 -0.426838 0.011267 0.999274 -0.036391 94.399925 -0.041522 0.036829 0.998459 154.180099 0.000000 0.000000 0.000000 1.000000
0.999398 -0.008956 0.033515 -0.025708 0.010090 0.999377 -0.033831 95.514626 -0.033191 0.034149 0.998865 158.294769 0.000000 0.000000 0.000000 1.000000</float_array>
        <technique_common>
          <accessor source="#mixamorig9_Hips-Matrix-animation-output-transform-array" count="32" stride="16">
            <param type="float4x4"/>
          </accessor>
        </technique_common>
      </source>
      <source id="mixamorig9_Hips-Interpolations">
        <Name_array id="mixamorig9_Hips-Interpolations-array" count="32">
 LINEAR LINEAR LINEAR LINEAR LINEAR LINEAR LINEAR LINEAR LINEAR LINEAR LINEAR
LINEAR LINEAR LINEAR LINEAR LINEAR LINEAR LINEAR LINEAR LINEAR LINEAR LINEAR LINEAR
LINEAR LINEAR LINEAR LINEAR LINEAR LINEAR LINEAR LINEAR LINEAR</Name_array>
        <technique_common>
          <accessor source="#mixamorig9_Hips-Interpolations-array" count="32">
            <param type="name"/>
          </accessor>
        </technique_common>
      </source>
      <sampler id="mixamorig9_Hips-Matrix-animation-transform">
        <input semantic="INPUT" source="#mixamorig9_Hips-Matrix-animation-input"/>
        <input semantic="OUTPUT" source="#mixamorig9_Hips-Matrix-animation-output-transform"/>
        <input semantic="INTERPOLATION" source="#mixamorig9_Hips-Interpolations"/>
      </sampler>
      <channel source="#mixamorig9_Hips-Matrix-animation-transform" target="mixamorig9_Hips/matrix"/>
    </animation>
    <animation id="mixamorig9_Spine-anim" name="mixamorig9_Spine">
      <source id="mixamorig9_Spine-Matrix-animation-input">
        <float_array id="mixamorig9_Spine-Matrix-animation-input-array" count="32">

0.000000 0.033333 0.066667 0.100000 0.133333 0.166667 0.200000 0.233333 0.266667 0.300000 0.333333 0.366667 0.400000 0.433333 0.466667 0.500000
0.533333 0.566667 0.600000 0.633333 0.666667 0.700000 0.733333 0.766667 0.800000 0.833333 0.866667 0.900000 0.933333 0.966667 1.000000 1.033333</float_array>
        <technique_common>
          <accessor source="#mixamorig9_Spine-Matrix-animation-input-array" count="32">
            <param name="TIME" type="float"/>
          </accessor>
        </technique_common>
      </source>
      <source id="mixamorig9_Spine-Matrix-animation-output-transform">
        <float_array id="mixamorig9_Spine-Matrix-animation-output-transform-array" count="512">

0.999669 0.013083 -0.022174 0.000000 -0.013362 0.999832 -0.012511 10.547000 0.022006 0.012803 0.999676 -1.004700 0.000000 0.000000 0.000000 1.000000
0.999872 0.014863 -0.005952 0.000000 -0.014897 0.999872 -0.005808 10.547000 0.005865 0.005896 0.999965 -1.004700 0.000000 0.000000 0.000000 1.000000
0.999943 -0.000025 0.010708 0.000000 0.000006 0.999998 0.001807 10.547000 -0.010708 -0.001806 0.999941 -1.004700 0.000000 0.000000 0.000000 1.000000
0.998440 -0.043308 0.035255 -0.000000 0.042929 0.999013 0.011446 10.547000 -0.035716 -0.009914 0.999313 -1.004700 0.000000 0.000000 0.000000 1.000000
0.995408 -0.077788 0.055791 0.000000 0.076581 0.996787 0.023469 10.547000 -0.057438 -0.019089 0.998167 -1.004700 0.000000 0.000000 0.000000 1.000000
0.994755 -0.081924 0.061239 -0.000000 0.080026 0.996251 0.032846 10.547000 -0.063700 -0.027773 0.997583 -1.004700 0.000000 0.000000 0.000000 1.000000
0.995379 -0.068672 0.067116 -0.000000 0.066562 0.997230 0.033187 10.547000 -0.069209 -0.028566 0.997193 -1.004700 0.000000 0.000000 0.000000 1.000000
0.996521 -0.040662 0.072744 0.000000 0.038924 0.998925 0.025160 10.547000 -0.073689 -0.022241 0.997033 -1.004700 0.000000 0.000000 0.000000 1.000000
0.997183 -0.018762 0.072617 -0.000000 0.016415 0.999327 0.032791 10.547000 -0.073183 -0.031506 0.996821 -1.004700 0.000000 0.000000 0.000000 1.000000
0.997624 0.004388 0.068750 0.000000 -0.006799 0.999369 0.034867 10.547000 -0.068554 -0.035251 0.997024 -1.004700 0.000000 0.000000 0.000000 1.000000
0.997559 0.013742 0.068469 0.000000 -0.015860 0.999409 0.030488 10.547000 -0.068010 -0.031499 0.997187 -1.004700 0.000000 0.000000 0.000000 1.000000
0.998357 0.014358 0.055476 -0.000000 -0.015764 0.999564 0.024979 10.547000 -0.055093 -0.025813 0.998147 -1.004700 0.000000 0.000000 0.000000 1.000000
0.999704 0.010763 0.021801 0.000000 -0.011167 0.999767 0.018461 10.547000 -0.021597 -0.018699 0.999592 -1.004700 0.000000 0.000000 0.000000 1.000000
0.999898 0.006968 -0.012472 0.000000 -0.006826 0.999912 0.011405 10.547000 0.012551 -0.011319 0.999857 -1.004700 0.000000 0.000000 0.000000 1.000000
0.999335 0.006644 -0.035856 0.000000 -0.006411 0.999958 0.006599 10.547000 0.035899 -0.006364 0.999335 -1.004700 0.000000 0.000000 0.000000 1.000000
0.998402 0.013906 -0.054767 0.000000 -0.013516 0.999881 0.007485 10.547000 0.054865 -0.006732 0.998471 -1.004700 0.000000 0.000000 0.000000 1.000000
0.997081 0.020470 -0.073551 -0.000000 -0.019788 0.999754 0.009998 10.547000 0.073737 -0.008513 0.997241 -1.004700 0.000000 0.000000 0.000000 1.000000
0.995649 0.025644 -0.089586 0.000000 -0.025006 0.999653 0.008238 10.547000 0.089766 -0.005962 0.995945 -1.004700 0.000000 0.000000 0.000000 1.000000
0.994280 0.034660 -0.101028 0.000000 -0.034013 0.999388 0.008121 10.547000 0.101247 -0.004638 0.994850 -1.004700 0.000000 0.000000 0.000000 1.000000
0.991186 0.065677 -0.115050 0.000000 -0.064217 0.997802 0.016357 10.547000 0.115872 -0.008824 0.993225 -1.004700 0.000000 0.000000 0.000000 1.000000
0.988143 0.091090 -0.123594 0.000000 -0.087983 0.995659 0.030380 10.547000 0.125825 -0.019145 0.991868 -1.004700 0.000000 0.000000 0.000000 1.000000
0.988433 0.092730 -0.120007 0.000000 -0.088461 0.995259 0.040437 10.547000 0.123188 -0.029353 0.991949 -1.004700 0.000000 0.000000 0.000000 1.000000
0.990742 0.077492 -0.111468 0.000000 -0.073880 0.996611 0.036183 10.547000 0.113894 -0.027613 0.993109 -1.004700 0.000000 0.000000 0.000000 1.000000
0.993650 0.045462 -0.102918 0.000000 -0.043437 0.998818 0.021836 10.547000 0.103789 -0.017227 0.994450 -1.004700 0.000000 0.000000 0.000000 1.000000
0.993966 0.020174 -0.107813 0.000000 -0.017854 0.999589 0.022444 10.547000 0.108222 -0.020384 0.993918 -1.004700 0.000000 0.000000 0.000000 1.000000
0.992687 0.014659 -0.119820 0.000000 -0.011539 0.999577 0.026696 10.547000 0.120161 -0.025118 0.992437 -1.004700 0.000000 0.000000 0.000000 1.000000
0.993466 0.018505 -0.112616 0.000000 -0.015323 0.999460 0.029059 10.547000 0.113093 -0.027143 0.993214 -1.004700 0.000000 0.000000 0.000000 1.000000
0.996161 0.024527 -0.084034 0.000000 -0.022789 0.999507 0.021580 10.547000 0.084522 -0.019582 0.996229 -1.004700 0.000000 0.000000 0.000000 1.000000
0.998020 0.026862 -0.056873 0.000000 -0.026163 0.999573 0.013006 10.547000 0.057198 -0.011493 0.998297 -1.004700 0.000000 0.000000 0.000000 1.000000
0.998905 0.024031 -0.040143 -0.000000 -0.023695 0.999680 0.008841 10.547000 0.040343 -0.007880 0.999155 -1.004700 0.000000 0.000000 0.000000 1.000000
0.999380 0.018915 -0.029698 0.000000 -0.018874 0.999821 0.001642 10.547000 0.029724 -0.001081 0.999558 -1.004700 0.000000 0.000000 0.000000 1.000000
0.999669 0.013083 -0.022174 0.000000 -0.013362 0.999832 -0.012511 10.547000 0.022006 0.012803 0.999676 -1.004700 0.000000 0.000000 0.000000 1.000000</float_array>
        <technique_common>
          <accessor source="#mixamorig9_Spine-Matrix-animation-output-transform-array" count="32" stride="16">
            <param type="float4x4"/>
          </accessor>
        </technique_common>
      </source>
      <source id="mixamorig9_Spine-Interpolations">
        <Name_array id="mixamorig9_Spine-Interpolations-array" count="32">
 LINEAR LINEAR LINEAR LINEAR LINEAR LINEAR LINEAR LINEAR LINEAR LINEAR LINEAR
LINEAR LINEAR LINEAR LINEAR LINEAR LINEAR LINEAR LINEAR LINEAR LINEAR LINEAR LINEAR
LINEAR LINEAR LINEAR LINEAR LINEAR LINEAR LINEAR LINEAR LINEAR</Name_array>
        <technique_common>
          <accessor source="#mixamorig9_Spine-Interpolations-array" count="32">
            <param type="name"/>
          </accessor>
        </technique_common>
      </source>
      <sampler id="mixamorig9_Spine-Matrix-animation-transform">
        <input semantic="INPUT" source="#mixamorig9_Spine-Matrix-animation-input"/>
        <input semantic="OUTPUT" source="#mixamorig9_Spine-Matrix-animation-output-transform"/>
        <input semantic="INTERPOLATION" source="#mixamorig9_Spine-Interpolations"/>
      </sampler>
      <channel source="#mixamorig9_Spine-Matrix-animation-transform" target="mixamorig9_Spine/matrix"/>
    </animation>
    <animation id="mixamorig9_Spine1-anim" name="mixamorig9_Spine1">
      <source id="mixamorig9_Spine1-Matrix-animation-input">
        <float_array id="mixamorig9_Spine1-Matrix-animation-input-array" count="32">

0.000000 0.033333 0.066667 0.100000 0.133333 0.166667 0.200000 0.233333 0.266667 0.300000 0.333333 0.366667 0.400000 0.433333 0.466667 0.500000
0.533333 0.566667 0.600000 0.633333 0.666667 0.700000 0.733333 0.766667 0.800000 0.833333 0.866667 0.900000 0.933333 0.966667 1.000000 1.033333</float_array>
        <technique_common>
          <accessor source="#mixamorig9_Spine1-Matrix-animation-input-array" count="32">
            <param name="TIME" type="float"/>
          </accessor>
        </technique_common>
      </source>
      <source id="mixamorig9_Spine1-Matrix-animation-output-transform">
        <float_array id="mixamorig9_Spine1-Matrix-animation-output-transform-array" count="512">

0.998877 -0.017388 -0.044063 0.000000 0.015471 0.998935 -0.043475 12.360600 0.044772 0.042744 0.998082 -0.000000 0.000000 0.000000 0.000000 1.000000
0.999414 -0.008702 -0.033097 0.000000 0.007412 0.999215 -0.038918 12.360600 0.033409 0.038650 0.998694 0.000000 0.000000 0.000000 0.000000 1.000000
0.999764 0.002647 -0.021555 -0.000000 -0.003403 0.999378 -0.035106 12.360600 0.021449 0.035172 0.999151 0.000000 0.000000 0.000000 0.000000 1.000000
0.999771 0.019101 -0.009614 0.000000 -0.019418 0.999231 -0.034051 12.360600 0.008957 0.034230 0.999374 0.000000 0.000000 0.000000 0.000000 1.000000
0.999523 0.030702 0.003443 -0.000000 -0.030562 0.998919 -0.035038 12.360600 -0.004515 0.034916 0.999380 -0.000000 0.000000 0.000000 0.000000 1.000000
0.999336 0.031481 0.018347 0.000000 -0.030824 0.998910 -0.035055 12.360600 -0.019431 0.034466 0.999217 0.000000 0.000000 0.000000 0.000000 1.000000
0.999084 0.027756 0.032581 -0.000000 -0.026598 0.999018 -0.035436 12.360600 -0.033533 0.034537 0.998841 0.000000 0.000000 0.000000 0.000000 1.000000
0.998768 0.025062 0.042825 -0.000000 -0.023483 0.999040 -0.036970 12.360600 -0.043710 0.035918 0.998398 0.000000 0.000000 0.000000 0.000000 1.000000
0.998661 0.020715 0.047398 -0.000000 -0.019132 0.999251 -0.033622 12.360600 -0.048059 0.032670 0.998310 0.000000 0.000000 0.000000 0.000000 1.000000
0.998998 0.009539 0.043738 -0.000000 -0.008411 0.999629 -0.025898 12.360600 -0.043969 0.025505 0.998707 0.000000 0.000000 0.000000 0.000000 1.000000
0.999347 0.009081 0.034966 -0.000000 -0.008308 0.999719 -0.022190 12.360600 -0.035158 0.021885 0.999142 0.000000 0.000000 0.000000 0.000000 1.000000
0.999562 0.010013 0.027847 -0.000000 -0.009387 0.999702 -0.022530 12.360600 -0.028065 0.022258 0.999358 -0.000000 0.000000 0.000000 0.000000 1.000000
0.999796 0.008024 0.018524 -0.000000 -0.007534 0.999624 -0.026370 12.360600 -0.018729 0.026226 0.999481 0.000000 0.000000 0.000000 0.000000 1.000000
0.999977 0.006590 0.001596 0.000000 -0.006538 0.999498 -0.030992 12.360600 -0.001799 0.030981 0.999518 0.000000 0.000000 0.000000 0.000000 1.000000
0.999805 0.006220 -0.018729 0.000000 -0.006841 0.999423 -0.033273 12.360600 0.018511 0.033395 0.999271 -0.000000 0.000000 0.000000 0.000000 1.000000
0.999306 0.001527 -0.037212 -0.000000 -0.002804 0.999408 -0.034288 12.360600 0.037138 0.034368 0.998719 0.000000 0.000000 0.000000 0.000000 1.000000
0.998479 -0.004516 -0.054941 0.000000 0.002564 0.999365 -0.035539 12.360600 0.055067 0.035344 0.997857 0.000000 0.000000 0.000000 0.000000 1.000000
0.997222 -0.011391 -0.073616 -0.000000 0.008733 0.999302 -0.036319 12.360600 0.073979 0.035576 0.996625 0.000000 0.000000 0.000000 0.000000 1.000000
0.995594 -0.021415 -0.091289 0.000000 0.018032 0.999126 -0.037719 12.360600 0.092017 0.035907 0.995110 -0.000000 0.000000 0.000000 0.000000 1.000000
0.993593 -0.036238 -0.107052 0.000000 0.031825 0.998583 -0.042646 12.360600 0.108446 0.038966 0.993338 0.000000 0.000000 0.000000 0.000000 1.000000
0.991398 -0.045753 -0.122621 0.000000 0.040288 0.998097 -0.046686 12.360600 0.124524 0.041344 0.991355 0.000000 0.000000 0.000000 0.000000 1.000000
0.989758 -0.044277 -0.135719 0.000000 0.038469 0.998240 -0.045123 12.360600 0.137478 0.039440 0.989719 0.000000 0.000000 0.000000 0.000000 1.000000
0.988911 -0.041350 -0.142640 0.000000 0.035345 0.998389 -0.044377 12.360600 0.144245 0.038843 0.988779 0.000000 0.000000 0.000000 0.000000 1.000000
0.988725 -0.040226 -0.144240 0.000000 0.033946 0.998377 -0.045734 12.360600 0.145845 0.040322 0.988485 0.000000 0.000000 0.000000 0.000000 1.000000
0.989519 -0.033972 -0.140347 -0.000000 0.028374 0.998727 -0.041699 12.360600 0.141584 0.037280 0.989224 0.000000 0.000000 0.000000 0.000000 1.000000
0.990498 -0.037255 -0.132382 -0.000000 0.032075 0.998642 -0.041053 12.360600 0.133732 0.036417 0.990348 0.000000 0.000000 0.000000 0.000000 1.000000
0.991362 -0.037385 -0.125712 0.000000 0.032588 0.998668 -0.040007 12.360600 0.127041 0.035564 0.991260 0.000000 0.000000 0.000000 0.000000 1.000000
0.992642 -0.035088 -0.115891 -0.000000 0.030549 0.998704 -0.040710 12.360600 0.117169 0.036870 0.992427 -0.000000 0.000000 0.000000 0.000000 1.000000
0.994686 -0.032231 -0.097780 0.000000 0.028045 0.998643 -0.043882 12.360600 0.099061 0.040906 0.994240 0.000000 0.000000 0.000000 0.000000 1.000000
0.996778 -0.027772 -0.075254 0.000000 0.024332 0.998634 -0.046241 12.360600 0.076435 0.044261 0.996092 0.000000 0.000000 0.000000 0.000000 1.000000
0.998163 -0.022842 -0.056107 0.000000 0.020280 0.998744 -0.045826 12.360600 0.057083 0.044604 0.997373 0.000000 0.000000 0.000000 0.000000 1.000000
0.998877 -0.017388 -0.044063 -0.000000 0.015471 0.998935 -0.043475 12.360600 0.044772 0.042744 0.998082 0.000000 0.000000 0.000000 0.000000 1.000000</float_array>
        <technique_common>
          <accessor source="#mixamorig9_Spine1-Matrix-animation-output-transform-array" count="32" stride="16">
            <param type="float4x4"/>
          </accessor>
        </technique_common>
      </source>
      <source id="mixamorig9_Spine1-Interpolations">
        <Name_array id="mixamorig9_Spine1-Interpolations-array" count="32">
 LINEAR LINEAR LINEAR LINEAR LINEAR LINEAR LINEAR LINEAR LINEAR LINEAR LINEAR
LINEAR LINEAR LINEAR LINEAR LINEAR LINEAR LINEAR LINEAR LINEAR LINEAR LINEAR LINEAR
LINEAR LINEAR LINEAR LINEAR LINEAR LINEAR LINEAR LINEAR LINEAR</Name_array>
        <technique_common>
          <accessor source="#mixamorig9_Spine1-Interpolations-array" count="32">
            <param type="name"/>
          </accessor>
        </technique_common>
      </source>
      <sampler id="mixamorig9_Spine1-Matrix-animation-transform">
        <input semantic="INPUT" source="#mixamorig9_Spine1-Matrix-animation-input"/>
        <input semantic="OUTPUT" source="#mixamorig9_Spine1-Matrix-animation-output-transform"/>
        <input semantic="INTERPOLATION" source="#mixamorig9_Spine1-Interpolations"/>
      </sampler>
      <channel source="#mixamorig9_Spine1-Matrix-animation-transform" target="mixamorig9_Spine1/matrix"/>
    </animation>
    <animation id="mixamorig9_Spine2-anim" name="mixamorig9_Spine2">
      <source id="mixamorig9_Spine2-Matrix-animation-input">
        <float_array id="mixamorig9_Spine2-Matrix-animation-input-array" count="32">

0.000000 0.033333 0.066667 0.100000 0.133333 0.166667 0.200000 0.233333 0.266667 0.300000 0.333333 0.366667 0.400000 0.433333 0.466667 0.500000
0.533333 0.566667 0.600000 0.633333 0.666667 0.700000 0.733333 0.766667 0.800000 0.833333 0.866667 0.900000 0.933333 0.966667 1.000000 1.033333</float_array>
        <technique_common>
          <accessor source="#mixamorig9_Spine2-Matrix-animation-input-array" count="32">
            <param name="TIME" type="float"/>
          </accessor>
        </technique_common>
      </source>
      <source id="mixamorig9_Spine2-Matrix-animation-output-transform">
        <float_array id="mixamorig9_Spine2-Matrix-animation-output-transform-array" count="512">

0.998867 -0.019365 -0.043477 0.000000 0.017494 0.998921 -0.043018 14.126300 0.044263 0.042208 0.998128 0.000000 0.000000 0.000000 0.000000 1.000000
0.999418 -0.010396 -0.032498 0.000000 0.009138 0.999212 -0.038626 14.126300 0.032874 0.038306 0.998725 -0.000000 0.000000 0.000000 0.000000 1.000000
0.999776 0.001230 -0.021128 0.000000 -0.001966 0.999392 -0.034820 14.126300 0.021072 0.034854 0.999170 0.000000 0.000000 0.000000 0.000000 1.000000
0.999792 0.017999 -0.009594 -0.000000 -0.018311 0.999275 -0.033388 14.126300 0.008986 0.033557 0.999396 0.000000 0.000000 0.000000 0.000000 1.000000
0.999544 0.030029 0.003118 0.000000 -0.029907 0.998983 -0.033751 14.126300 -0.004128 0.033642 0.999425 0.000000 0.000000 0.000000 0.000000 1.000000
0.999353 0.031198 0.017918 0.000000 -0.030583 0.998965 -0.033658 14.126300 -0.018949 0.033088 0.999273 -0.000000 0.000000 0.000000 0.000000 1.000000
0.999094 0.027911 0.032121 0.000000 -0.026804 0.999049 -0.034398 14.126300 -0.033051 0.033506 0.998892 0.000000 0.000000 0.000000 0.000000 1.000000
0.998769 0.025756 0.042393 0.000000 -0.024232 0.999055 -0.036075 14.126300 -0.043282 0.035003 0.998450 -0.000000 0.000000 0.000000 0.000000 1.000000
0.998654 0.021242 0.047314 0.000000 -0.019701 0.999268 -0.032800 14.126300 -0.047976 0.031823 0.998341 -0.000000 0.000000 0.000000 0.000000 1.000000
0.998979 0.009202 0.044231 0.000000 -0.008072 0.999638 -0.025650 14.126300 -0.044451 0.025267 0.998692 0.000000 0.000000 0.000000 0.000000 1.000000
0.999329 0.008234 0.035676 -0.000000 -0.007466 0.999738 -0.021625 14.126300 -0.035844 0.021344 0.999129 0.000000 0.000000 0.000000 0.000000 1.000000
0.999546 0.009247 0.028675 0.000000 -0.008626 0.999727 -0.021698 14.126300 -0.028868 0.021441 0.999353 0.000000 0.000000 0.000000 0.000000 1.000000
0.999783 0.007571 0.019392 -0.000000 -0.007072 0.999645 -0.025669 14.126300 -0.019580 0.025526 0.999482 0.000000 0.000000 0.000000 0.000000 1.000000
0.999978 0.006123 0.002397 0.000000 -0.006047 0.999513 -0.030607 14.126300 -0.002583 0.030591 0.999529 0.000000 0.000000 0.000000 0.000000 1.000000
0.999823 0.005367 -0.018038 0.000000 -0.005964 0.999430 -0.033220 14.126300 0.017849 0.033322 0.999285 0.000000 0.000000 0.000000 0.000000 1.000000
0.999331 0.000190 -0.036584 0.000000 -0.001446 0.999410 -0.034308 14.126300 0.036555 0.034338 0.998742 0.000000 0.000000 0.000000 0.000000 1.000000
0.998501 -0.006384 -0.054363 0.000000 0.004465 0.999365 -0.035361 14.126300 0.054554 0.035065 0.997895 -0.000000 0.000000 0.000000 0.000000 1.000000
0.997233 -0.013707 -0.073059 0.000000 0.011112 0.999297 -0.035809 14.126300 0.073499 0.034898 0.996685 0.000000 0.000000 0.000000 0.000000 1.000000
0.995594 -0.024079 -0.090626 0.000000 0.020844 0.999117 -0.036473 14.126300 0.091424 0.034423 0.995217 0.000000 0.000000 0.000000 0.000000 1.000000
0.993575 -0.039510 -0.106052 -0.000000 0.035456 0.998577 -0.039847 14.126300 0.107476 0.035831 0.993562 0.000000 0.000000 0.000000 0.000000 1.000000
0.991372 -0.049644 -0.121311 0.000000 0.044719 0.998074 -0.042989 14.126300 0.123211 0.037194 0.991683 0.000000 0.000000 0.000000 0.000000 1.000000
0.989750 -0.048173 -0.134442 0.000000 0.042866 0.998194 -0.042096 14.126300 0.136227 0.035901 0.990027 0.000000 0.000000 0.000000 0.000000 1.000000
0.988908 -0.045413 -0.141420 0.000000 0.039843 0.998324 -0.041976 14.126300 0.143089 0.035876 0.989059 0.000000 0.000000 0.000000 0.000000 1.000000
0.988693 -0.044717 -0.143131 0.000000 0.038893 0.998308 -0.043235 14.126300 0.144822 0.037179 0.988759 0.000000 0.000000 0.000000 0.000000 1.000000
0.989458 -0.037960 -0.139760 0.000000 0.032691 0.998673 -0.039804 14.126300 0.141085 0.034815 0.989385 0.000000 0.000000 0.000000 0.000000 1.000000
0.990404 -0.040690 -0.132078 0.000000 0.035942 0.998626 -0.038139 14.126300 0.133448 0.033025 0.990505 0.000000 0.000000 0.000000 0.000000 1.000000
0.991261 -0.040398 -0.125580 0.000000 0.035986 0.998660 -0.037201 14.126300 0.126914 0.032356 0.991386 0.000000 0.000000 0.000000 0.000000 1.000000
0.992545 -0.038041 -0.115791 0.000000 0.033779 0.998686 -0.038551 14.126300 0.117105 0.034353 0.992525 0.000000 0.000000 0.000000 0.000000 1.000000
0.994600 -0.035318 -0.097590 -0.000000 0.031303 0.998612 -0.042369 14.126300 0.098951 0.039086 0.994324 0.000000 0.000000 0.000000 0.000000 1.000000
0.996720 -0.030634 -0.074904 0.000000 0.027280 0.998597 -0.045393 14.126300 0.076190 0.043201 0.996157 0.000000 0.000000 0.000000 0.000000 1.000000
0.998136 -0.025165 -0.055595 0.000000 0.022652 0.998713 -0.045377 14.126300 0.056665 0.044033 0.997422 0.000000 0.000000 0.000000 0.000000 1.000000
0.998867 -0.019365 -0.043477 0.000000 0.017494 0.998921 -0.043018 14.126300 0.044263 0.042208 0.998128 -0.000000 0.000000 0.000000 0.000000 1.000000</float_array>
        <technique_common>
          <accessor source="#mixamorig9_Spine2-Matrix-animation-output-transform-array" count="32" stride="16">
            <param type="float4x4"/>
          </accessor>
        </technique_common>
      </source>
      <source id="mixamorig9_Spine2-Interpolations">
        <Name_array id="mixamorig9_Spine2-Interpolations-array" count="32">
 LINEAR LINEAR LINEAR LINEAR LINEAR LINEAR LINEAR LINEAR LINEAR LINEAR LINEAR
LINEAR LINEAR LINEAR LINEAR LINEAR LINEAR LINEAR LINEAR LINEAR LINEAR LINEAR LINEAR
LINEAR LINEAR LINEAR LINEAR LINEAR LINEAR LINEAR LINEAR LINEAR</Name_array>
        <technique_common>
          <accessor source="#mixamorig9_Spine2-Interpolations-array" count="32">
            <param type="name"/>
          </accessor>
        </technique_common>
      </source>
      <sampler id="mixamorig9_Spine2-Matrix-animation-transform">
        <input semantic="INPUT" source="#mixamorig9_Spine2-Matrix-animation-input"/>
        <input semantic="OUTPUT" source="#mixamorig9_Spine2-Matrix-animation-output-transform"/>
        <input semantic="INTERPOLATION" source="#mixamorig9_Spine2-Interpolations"/>
      </sampler>
      <channel source="#mixamorig9_Spine2-Matrix-animation-transform" target="mixamorig9_Spine2/matrix"/>
    </animation>
    <animation id="mixamorig9_Neck-anim" name="mixamorig9_Neck">
      <source id="mixamorig9_Neck-Matrix-animation-input">
        <float_array id="mixamorig9_Neck-Matrix-animation-input-array" count="32">

0.000000 0.033333 0.066667 0.100000 0.133333 0.166667 0.200000 0.233333 0.266667 0.300000 0.333333 0.366667 0.400000 0.433333 0.466667 0.500000
0.533333 0.566667 0.600000 0.633333 0.666667 0.700000 0.733333 0.766667 0.800000 0.833333 0.866667 0.900000 0.933333 0.966667 1.000000 1.033333</float_array>
        <technique_common>
          <accessor source="#mixamorig9_Neck-Matrix-animation-input-array" count="32">
            <param name="TIME" type="float"/>
          </accessor>
        </technique_common>
      </source>
      <source id="mixamorig9_Neck-Matrix-animation-output-transform">
        <float_array id="mixamorig9_Neck-Matrix-animation-output-transform-array" count="512">

0.999301 0.004142 0.037153 -0.000000 -0.000914 0.996253 -0.086483 15.892100 -0.037372 0.086388 0.995560 0.000000 0.000000 0.000000 0.000000 1.000000
0.999438 0.006365 0.032913 0.000000 -0.003470 0.996180 -0.087258 15.892100 -0.033342 0.087095 0.995642 0.000000 0.000000 0.000000 0.000000 1.000000
0.999623 0.004337 0.027098 0.000000 -0.002000 0.996321 -0.085676 15.892100 -0.027370 0.085589 0.995955 -0.000000 0.000000 0.000000 0.000000 1.000000
0.999795 -0.005905 0.019354 0.000000 0.007509 0.996447 -0.083887 15.892100 -0.018790 0.084015 0.996287 -0.000000 0.000000 0.000000 0.000000 1.000000
0.999797 -0.016764 0.011221 0.000000 0.017654 0.996264 -0.084539 15.892100 -0.009761 0.084720 0.996357 0.000000 0.000000 0.000000 0.000000 1.000000
0.999785 -0.020307 0.004140 0.000000 0.020585 0.996191 -0.084737 15.892100 -0.002404 0.084804 0.996395 0.000000 0.000000 0.000000 0.000000 1.000000
0.999829 -0.018360 -0.002006 0.000000 0.018134 0.996470 -0.081974 15.892100 0.003504 0.081923 0.996632 0.000000 0.000000 0.000000 0.000000 1.000000
0.999886 -0.013393 -0.006956 0.000000 0.012789 0.996663 -0.080623 15.892100 0.008012 0.080524 0.996720 0.000000 0.000000 0.000000 0.000000 1.000000
0.999964 0.001567 -0.008371 -0.000000 -0.002289 0.996214 -0.086909 15.892100 0.008204 0.086925 0.996181 -0.000000 0.000000 0.000000 0.000000 1.000000
0.999611 0.027461 -0.004915 0.000000 -0.027796 0.995404 -0.091645 15.892100 0.002376 0.091746 0.995780 -0.000000 0.000000 0.000000 0.000000 1.000000
0.999208 0.039796 -0.000710 -0.000000 -0.039694 0.995002 -0.091623 15.892100 -0.002940 0.091578 0.995794 0.000000 0.000000 0.000000 0.000000 1.000000
0.998802 0.048724 0.004591 0.000000 -0.048081 0.994438 -0.093709 15.892100 -0.009132 0.093376 0.995589 0.000000 0.000000 0.000000 0.000000 1.000000
0.998459 0.054127 0.012274 0.000000 -0.052727 0.994110 -0.094686 15.892100 -0.017327 0.093893 0.995432 0.000000 0.000000 0.000000 0.000000 1.000000
0.998561 0.049282 0.021154 -0.000000 -0.047105 0.994520 -0.093334 15.892100 -0.025638 0.092203 0.995410 -0.000000 0.000000 0.000000 0.000000 1.000000
0.998819 0.038413 0.029761 0.000000 -0.035429 0.994847 -0.094999 15.892100 -0.033257 0.093833 0.995032 0.000000 0.000000 0.000000 0.000000 1.000000
0.998815 0.030143 0.038206 0.000000 -0.026160 0.994563 -0.100792 15.892100 -0.041036 0.099674 0.994174 -0.000000 0.000000 0.000000 0.000000 1.000000
0.998633 0.023103 0.046880 0.000000 -0.018020 0.994193 -0.106088 15.892100 -0.049058 0.105098 0.993251 0.000000 0.000000 0.000000 0.000000 1.000000
0.998264 0.018197 0.056024 0.000000 -0.012131 0.994209 -0.106773 15.892100 -0.057643 0.105908 0.992704 -0.000000 0.000000 0.000000 0.000000 1.000000
0.997663 0.020207 0.065268 0.000000 -0.013323 0.994464 -0.104233 15.892100 -0.067013 0.103120 0.992409 0.000000 0.000000 0.000000 0.000000 1.000000
0.996765 0.029845 0.074629 0.000000 -0.022190 0.994601 -0.101372 15.892100 -0.077252 0.099388 0.992045 -0.000000 0.000000 0.000000 0.000000 1.000000
0.995765 0.039117 0.083200 -0.000000 -0.030765 0.994572 -0.099399 15.892100 -0.086636 0.096419 0.991563 0.000000 0.000000 0.000000 0.000000 1.000000
0.995090 0.042326 0.089465 -0.000000 -0.033708 0.994836 -0.095734 15.892100 -0.093055 0.092248 0.991378 0.000000 0.000000 0.000000 0.000000 1.000000
0.994896 0.039709 0.092767 0.000000 -0.031327 0.995437 -0.090129 15.892100 -0.095923 0.086763 0.991600 0.000000 0.000000 0.000000 0.000000 1.000000
0.995083 0.032214 0.093664 0.000000 -0.024103 0.995962 -0.086476 15.892100 -0.096072 0.083794 0.991841 0.000000 0.000000 0.000000 0.000000 1.000000
0.995793 0.009143 0.091175 0.000000 -0.000798 0.995838 -0.091142 15.892100 -0.091628 0.090685 0.991655 0.000000 0.000000 0.000000 0.000000 1.000000
0.996140 -0.002765 0.087730 0.000000 0.011042 0.995510 -0.094005 15.892100 -0.087077 0.094611 0.991699 0.000000 0.000000 0.000000 0.000000 1.000000
0.996605 -0.014104 0.081115 0.000000 0.021828 0.995225 -0.095136 15.892100 -0.079386 0.096584 0.992154 0.000000 0.000000 0.000000 0.000000 1.000000
0.997224 -0.023376 0.070695 0.000000 0.029870 0.995288 -0.092244 15.892100 -0.068206 0.094099 0.993224 -0.000000 0.000000 0.000000 0.000000 1.000000
0.997990 -0.023150 0.058997 0.000000 0.028382 0.995587 -0.089450 15.892100 -0.056666 0.090945 0.994242 -0.000000 0.000000 0.000000 0.000000 1.000000
0.998718 -0.014905 0.048378 0.000000 0.019217 0.995762 -0.089936 15.892100 -0.046832 0.090750 0.994772 0.000000 0.000000 0.000000 0.000000 1.000000
0.999165 -0.004138 0.040648 -0.000000 0.007791 0.995901 -0.090117 15.892100 -0.040108 0.090358 0.995101 -0.000000 0.000000 0.000000 0.000000 1.000000
0.999301 0.004142 0.037153 0.000000 -0.000914 0.996253 -0.086483 15.892100 -0.037371 0.086388 0.995560 0.000000 0.000000 0.000000 0.000000 1.000000</float_array>
        <technique_common>
          <accessor source="#mixamorig9_Neck-Matrix-animation-output-transform-array" count="32" stride="16">
            <param type="float4x4"/>
          </accessor>
        </technique_common>
      </source>
      <source id="mixamorig9_Neck-Interpolations">
        <Name_array id="mixamorig9_Neck-Interpolations-array" count="32">
 LINEAR LINEAR LINEAR LINEAR LINEAR LINEAR LINEAR LINEAR LINEAR LINEAR LINEAR
LINEAR LINEAR LINEAR LINEAR LINEAR LINEAR LINEAR LINEAR LINEAR LINEAR LINEAR LINEAR
LINEAR LINEAR LINEAR LINEAR LINEAR LINEAR LINEAR LINEAR LINEAR</Name_array>
        <technique_common>
          <accessor source="#mixamorig9_Neck-Interpolations-array" count="32">
            <param type="name"/>
          </accessor>
        </technique_common>
      </source>
      <sampler id="mixamorig9_Neck-Matrix-animation-transform">
        <input semantic="INPUT" source="#mixamorig9_Neck-Matrix-animation-input"/>
        <input semantic="OUTPUT" source="#mixamorig9_Neck-Matrix-animation-output-transform"/>
        <input semantic="INTERPOLATION" source="#mixamorig9_Neck-Interpolations"/>
      </sampler>
      <channel source="#mixamorig9_Neck-Matrix-animation-transform" target="mixamorig9_Neck/matrix"/>
    </animation>
    <animation id="mixamorig9_Head-anim" name="mixamorig9_Head">
      <source id="mixamorig9_Head-Matrix-animation-input">
        <float_array id="mixamorig9_Head-Matrix-animation-input-array" count="32">

0.000000 0.033333 0.066667 0.100000 0.133333 0.166667 0.200000 0.233333 0.266667 0.300000 0.333333 0.366667 0.400000 0.433333 0.466667 0.500000
0.533333 0.566667 0.600000 0.633333 0.666667 0.700000 0.733333 0.766667 0.800000 0.833333 0.866667 0.900000 0.933333 0.966667 1.000000 1.033333</float_array>
        <technique_common>
          <accessor source="#mixamorig9_Head-Matrix-animation-input-array" count="32">
            <param name="TIME" type="float"/>
          </accessor>
        </technique_common>
      </source>
      <source id="mixamorig9_Head-Matrix-animation-output-transform">
        <float_array id="mixamorig9_Head-Matrix-animation-output-transform-array" count="512">

0.999296 0.003778 0.037328 -0.000000 -0.004081 0.999959 0.008039 6.594300 -0.037296 -0.008186 0.999271 1.984900 0.000000 0.000000 0.000000 1.000000
0.999442 0.005482 0.032961 0.000000 -0.005732 0.999955 0.007507 6.594300 -0.032918 -0.007692 0.999428 1.984900 0.000000 0.000000 0.000000 1.000000
0.999618 0.004298 0.027311 -0.000000 -0.004546 0.999949 0.009022 6.594300 -0.027271 -0.009143 0.999586 1.984900 0.000000 0.000000 0.000000 1.000000
0.999793 -0.003075 0.020118 -0.000000 0.002862 0.999940 0.010592 6.594300 -0.020150 -0.010532 0.999741 1.984900 0.000000 0.000000 0.000000 1.000000
0.999854 -0.011781 0.012356 0.000000 0.011653 0.999878 0.010374 6.594300 -0.012476 -0.010229 0.999870 1.984900 0.000000 0.000000 0.000000 1.000000
0.999879 -0.014631 0.005365 0.000000 0.014573 0.999838 0.010572 6.594300 -0.005519 -0.010493 0.999930 1.984900 0.000000 0.000000 0.000000 1.000000
0.999919 -0.012706 -0.000825 -0.000000 0.012716 0.999830 0.013385 6.594300 0.000655 -0.013394 0.999910 1.984900 0.000000 0.000000 0.000000 1.000000
0.999943 -0.008833 -0.006023 -0.000000 0.008918 0.999859 0.014248 6.594300 0.005896 -0.014301 0.999880 1.984900 0.000000 0.000000 0.000000 1.000000
0.999964 0.002126 -0.008257 0.000000 -0.002055 0.999961 0.008623 6.594300 0.008275 -0.008606 0.999929 1.984900 0.000000 0.000000 0.000000 1.000000
0.999753 0.021387 -0.006092 0.000000 -0.021354 0.999757 0.005425 6.594300 0.006206 -0.005293 0.999967 1.984900 0.000000 0.000000 0.000000 1.000000
0.999485 0.032015 -0.002175 0.000000 -0.032001 0.999469 0.006154 6.594300 0.002371 -0.006081 0.999979 1.984900 0.000000 0.000000 0.000000 1.000000
0.999185 0.040242 0.003035 0.000000 -0.040257 0.999177 0.004929 6.594300 -0.002834 -0.005047 0.999983 1.984900 0.000000 0.000000 0.000000 1.000000
0.998918 0.045269 0.010637 0.000000 -0.045315 0.998964 0.004150 6.594300 -0.010438 -0.004627 0.999935 1.984900 0.000000 0.000000 0.000000 1.000000
0.998954 0.041320 0.019597 -0.000000 -0.041412 0.999133 0.004293 6.594300 -0.019402 -0.005100 0.999799 1.984900 0.000000 0.000000 0.000000 1.000000
0.999061 0.032607 0.028527 -0.000000 -0.032657 0.999466 0.001270 6.594300 -0.028471 -0.002200 0.999592 1.984900 0.000000 0.000000 0.000000 1.000000
0.998956 0.026409 0.037276 0.000000 -0.026240 0.999643 -0.005017 6.594300 -0.037395 0.004034 0.999292 1.984900 0.000000 0.000000 0.000000 1.000000
0.998688 0.021812 0.046335 -0.000000 -0.021350 0.999718 -0.010439 6.594300 -0.046550 0.009436 0.998871 1.984900 0.000000 0.000000 0.000000 1.000000
0.998260 0.018931 0.055845 0.000000 -0.018301 0.999763 -0.011772 6.594300 -0.056054 0.010730 0.998370 1.984900 0.000000 0.000000 0.000000 1.000000
0.997663 0.020821 0.065078 0.000000 -0.020234 0.999748 -0.009678 6.594300 -0.065263 0.008339 0.997833 1.984900 0.000000 0.000000 0.000000 1.000000
0.996851 0.028377 0.074042 0.000000 -0.027985 0.999588 -0.006324 6.594300 -0.074191 0.004232 0.997235 1.984900 0.000000 0.000000 0.000000 1.000000
0.995962 0.035896 0.082284 -0.000000 -0.035722 0.999355 -0.003586 6.594300 -0.082359 0.000632 0.996603 1.984900 0.000000 0.000000 0.000000 1.000000
0.995338 0.038307 0.088513 0.000000 -0.038506 0.999258 0.000546 6.594300 -0.088426 -0.003951 0.996075 1.984900 0.000000 0.000000 0.000000 1.000000
0.995116 0.035704 0.092031 0.000000 -0.036413 0.999319 0.006031 6.594300 -0.091753 -0.009353 0.995738 1.984900 0.000000 0.000000 0.000000 1.000000
0.995183 0.029849 0.093383 0.000000 -0.030807 0.999486 0.008835 6.594300 -0.093071 -0.011669 0.995591 1.984900 0.000000 0.000000 0.000000 1.000000
0.995661 0.013268 0.092105 -0.000000 -0.013670 0.999900 0.003731 6.594300 -0.092046 -0.004974 0.995742 1.984900 0.000000 0.000000 0.000000 1.000000
